# p=9 (number_of_bins), n=156 (number_of_subsample)
0.05995500070018741 0.02929022144763834 0.027225147143329746 0.02707880054530573 0.026721742130826415 0.025524421292520184 0.022009596730887027 0.014864132753728424 0.0027368561415299893 
0.02929022144763834 0.03258690883719753 0.02787866636125379 0.02700303617135127 0.026775180515383176 0.025476509532283285 0.021944566705413168 0.014614487828454611 0.002684246019457832 
0.027225147143329746 0.02787866636125379 0.030241982756786998 0.02846356859055825 0.02859649717374608 0.027180402389935174 0.023535569439202406 0.01577670523399315 0.0030645635295543814 
0.02707880054530573 0.02700303617135127 0.02846356859055825 0.02794036230570696 0.02784721005310432 0.026514807290697516 0.0229470412136376 0.015360486088348944 0.00290607618193515 
0.026721742130826415 0.026775180515383176 0.02859649717374608 0.02784721005310432 0.02803961559639981 0.026699436132491525 0.02314985944377145 0.0155590254327014 0.003037695681018468 
0.025524421292520184 0.025476509532283285 0.027180402389935174 0.026514807290697516 0.026699436132491525 0.025519536119709592 0.022147914982164438 0.014932028836457637 0.0029561296391949917 
0.022009596730887027 0.021944566705413168 0.023535569439202406 0.0229470412136376 0.02314985944377145 0.022147914982164438 0.019326436888685447 0.013109377222220482 0.002643948455610617 
0.014864132753728424 0.014614487828454611 0.01577670523399315 0.015360486088348944 0.0155590254327014 0.014932028836457637 0.013109377222220482 0.009092083521310886 0.0020152739336598167 
0.0027368561415299893 0.002684246019457832 0.0030645635295543814 0.00290607618193515 0.003037695681018468 0.0029561296391949917 0.002643948455610617 0.0020152739336598167 0.0008244296607266921 
