# p=9 (number_of_bins), n=4496 (number_of_subsample)
3.749410373136939 0.14264876756460257 0.025167568584673332 0.07378699743893542 0.041972474511669085 0.009313499779375263 0.0031685801720566726 -0.0008023032983127367 -0.00012315158507518142 
0.14264876756460257 0.47360509328127653 0.006459023354504944 0.014474205329268052 0.009979842884261746 0.0014175554509205863 0.000977603778447498 0.00032011438714730096 0.00028285666699742426 
0.025167568584673332 0.006459023354504944 0.08007799460123069 0.006612199582640355 0.00433641293834071 0.0017019293788795343 0.001329316272207904 0.0009743206395353794 0.00013596560184312958 
0.07378699743893542 0.014474205329268052 0.006612199582640355 0.027156316953846932 0.008917185614341112 0.0029275321530797494 0.0017212815559886313 0.0010973846718651606 0.00036002170985002265 
0.041972474511669085 0.009979842884261746 0.00433641293834071 0.008917185614341112 0.0073637315403911685 0.00221762147590255 0.0014387668653909052 0.0009822482199846598 0.0002564204234615858 
0.009313499779375263 0.0014175554509205863 0.0017019293788795343 0.0029275321530797494 0.00221762147590255 0.00223102752377427 0.0014200602412863116 0.0009800923550096871 0.0002603878456108687 
0.0031685801720566726 0.000977603778447498 0.001329316272207904 0.0017212815559886313 0.0014387668653909052 0.0014200602412863116 0.0013756506391674071 0.0009196443319289466 0.0002570752976681757 
-0.0008023032983127367 0.00032011438714730096 0.0009743206395353794 0.0010973846718651606 0.0009822482199846598 0.0009800923550096871 0.0009196443319289466 0.0008298565942724926 0.0002989768401888315 
-0.00012315158507518142 0.00028285666699742426 0.00013596560184312958 0.00036002170985002265 0.0002564204234615858 0.0002603878456108687 0.0002570752976681757 0.0002989768401888315 0.0003156675880355052 
