# p=9 (number_of_bins), n=336 (number_of_subsample)
38.50253828282632 -0.04670042237679996 0.06672995194325211 0.06432661162944296 -0.06898330723779045 0.0036913080281465566 0.0050493149200794025 -0.033673822699305446 -0.019025213971525557 
-0.04670042237679996 1.5498209737232742 0.060918941863785374 0.007028219436550887 0.01647898285544194 0.015184700896977373 0.012698611894827726 0.008990761054422565 0.000744843553939437 
0.06672995194325211 0.060918941863785374 0.17145584918102771 0.02095976547375744 0.01818614928556461 0.01562640048803064 0.012887751982120721 0.007322420893762205 0.0020385124285607296 
0.06432661162944296 0.007028219436550887 0.02095976547375744 0.039670076742030436 0.015305080348739359 0.014045488514626966 0.012134500248065515 0.007826524555086728 0.0015012135650551307 
-0.06898330723779045 0.01647898285544194 0.01818614928556461 0.015305080348739359 0.0206194697760465 0.013429522239499173 0.011589750932062503 0.007693827311092281 0.0013630901963281158 
0.0036913080281465566 0.015184700896977373 0.01562640048803064 0.014045488514626966 0.013429522239499173 0.014356925677366624 0.011052245899427502 0.007415461913616434 0.0014344272174532068 
0.0050493149200794025 0.012698611894827726 0.012887751982120721 0.012134500248065515 0.011589750932062503 0.011052245899427502 0.010002470798438835 0.0065090819252808275 0.0012639998778153764 
-0.033673822699305446 0.008990761054422565 0.007322420893762205 0.007826524555086728 0.007693827311092281 0.007415461913616434 0.0065090819252808275 0.00486120167854661 0.0012226546800988061 
-0.019025213971525557 0.000744843553939437 0.0020385124285607296 0.0015012135650551307 0.0013630901963281158 0.0014344272174532068 0.0012639998778153764 0.0012226546800988061 0.0007575295485370903 
