# p=9 (number_of_bins), n=20 (number_of_subsample)
0.4134338622276644 0.30002442553723413 0.28110919417789015 0.282529940021823 0.2857317521436328 0.26838378926420775 0.22608110546746177 0.13818407088306225 -0.00020222186608691495 
0.30002442553723413 0.30447866338055035 0.2686977270116597 0.2608877865133576 0.2653095504738069 0.25086676861024026 0.2116805341608049 0.13308375555122293 -0.001816833322564632 
0.28110919417789015 0.2686977270116597 0.2577842853821749 0.24927125988001494 0.2529296048039044 0.23845221649824902 0.20037590377134398 0.12516138388366846 -0.0013114183065671694 
0.282529940021823 0.2608877865133576 0.24927125988001494 0.24506872185280837 0.2479225699254542 0.23423470449250278 0.19726833984640416 0.12283338090064072 -0.0014505466270833438 
0.2857317521436328 0.2653095504738069 0.2529296048039044 0.2479225699254542 0.2518297998020053 0.23779859408515056 0.2005702726543959 0.12537362387177442 -0.000894369927871764 
0.26838378926420775 0.25086676861024026 0.23845221649824902 0.23423470449250278 0.23779859408515056 0.2250170942109746 0.19001837599189614 0.11889349608699147 -0.0009730765411939119 
0.22608110546746177 0.2116805341608049 0.20037590377134398 0.19726833984640416 0.2005702726543959 0.19001837599189614 0.160968243736006 0.10115301990653335 -0.0005759535067579992 
0.13818407088306225 0.13308375555122293 0.12516138388366846 0.12283338090064072 0.12537362387177442 0.11889349608699147 0.10115301990653335 0.06480920413121895 0.0005607081045016613 
-0.00020222186608691495 -0.001816833322564632 -0.0013114183065671694 -0.0014505466270833438 -0.000894369927871764 -0.0009730765411939119 -0.0005759535067579992 0.0005607081045016613 0.0017113417184745389 
