# p=9 (number_of_bins), n=67 (number_of_subsample)
5.259458449544977 0.47165578484898046 0.07683329203075852 0.049035306906352716 0.04352257072903611 0.032373506596193674 0.025478565410136298 0.01240361372483089 -0.001961207860533026 
0.47165578484898046 0.687932712713524 0.07924201725292766 0.06220591551134492 0.0763185278256164 0.0642091282521302 0.05456964932848792 0.03389668162760067 0.004929222037600672 
0.07683329203075852 0.07924201725292766 0.10029120361902932 0.07129324690315082 0.06833072075977165 0.06181828160945065 0.05382753315525703 0.03552562936764079 0.004597760121658754 
0.049035306906352716 0.06220591551134492 0.07129324690315082 0.074509027955677 0.06470498750948378 0.06075124421932343 0.05177281327941564 0.03271956928487233 0.002466141165363297 
0.04352257072903611 0.0763185278256164 0.06833072075977165 0.06470498750948378 0.06585422502052209 0.05910127088442621 0.0506043924340183 0.03257015022584156 0.003162464173845318 
0.032373506596193674 0.0642091282521302 0.06181828160945065 0.06075124421932343 0.05910127088442621 0.05673561567528069 0.04839114495763768 0.03083070054452828 0.0029680514331430147 
0.025478565410136298 0.05456964932848792 0.05382753315525703 0.05177281327941564 0.0506043924340183 0.04839114495763768 0.0420326434664173 0.026859914791246164 0.0027155285385668925 
0.01240361372483089 0.03389668162760067 0.03552562936764079 0.03271956928487233 0.03257015022584156 0.03083070054452828 0.026859914791246164 0.018210956694064483 0.0027162631035634096 
-0.001961207860533026 0.004929222037600672 0.004597760121658754 0.002466141165363297 0.003162464173845318 0.0029680514331430147 0.0027155285385668925 0.0027162631035634096 0.0018440348181609906 
