# p=9 (number_of_bins), n=20 (number_of_subsample)
0.29782022526520385 0.2835997478674128 0.27285313671414824 0.26888825067926875 0.26874527884924493 0.2526411611512979 0.21191474404548982 0.1274842198995891 -0.00984513065170369 
0.2835997478674128 0.2921548770733225 0.2712510980675993 0.2661656115935637 0.2664746353168903 0.24991484991986318 0.209327430400716 0.12708097680196334 -0.008769873919519663 
0.27285313671414824 0.2712510980675993 0.2629372314571572 0.2576903787322217 0.2577181695329986 0.24193876146699847 0.2026489543882915 0.1226238839299137 -0.0076945894557621025 
0.26888825067926875 0.2661656115935637 0.2576903787322217 0.2532621062441864 0.25332489919081 0.23800410647753698 0.19962057148722392 0.12084985971678797 -0.007996721551802758 
0.26874527884924493 0.2664746353168903 0.2577181695329986 0.25332489919081 0.25374076452231953 0.23843308400187974 0.20005786143116222 0.12107983312949383 -0.008090668614405262 
0.2526411611512979 0.24991484991986318 0.24193876146699847 0.23800410647753698 0.23843308400187974 0.22426903705904475 0.18847292308952618 0.1143728454507327 -0.0075015066276014645 
0.21191474404548982 0.209327430400716 0.2026489543882915 0.19962057148722392 0.20005786143116222 0.18847292308952618 0.1590180872119211 0.09708703416151486 -0.005991951087932 
0.1274842198995891 0.12708097680196334 0.1226238839299137 0.12084985971678797 0.12107983312949383 0.1143728454507327 0.09708703416151486 0.06038252980907423 -0.0029328288340232404 
-0.00984513065170369 -0.008769873919519663 -0.0076945894557621025 -0.007996721551802758 -0.008090668614405262 -0.0075015066276014645 -0.005991951087932 -0.0029328288340232404 0.0015567608561279464 
