# p=9 (number_of_bins), n=156 (number_of_subsample)
0.10981022274437847 0.03221419343124444 0.02591388471529039 0.027075851826507204 0.026555175619155477 0.025711274327107018 0.022164619977417133 0.014909095180699557 0.0035028047102170622 
0.03221419343124444 0.05541064809798082 0.03069013721203374 0.03091181869226578 0.03131942498743053 0.02975417557658656 0.026034950613761713 0.017723957829649962 0.003999083012084847 
0.02591388471529039 0.03069013721203374 0.03148770135241306 0.028946359226924172 0.028702113027947215 0.027501037267697634 0.02391988129212526 0.01626108440393226 0.003352413264815106 
0.027075851826507204 0.03091181869226578 0.028946359226924172 0.030269580807222495 0.0293077167105609 0.028014460530060493 0.024264051569368658 0.016443376636126078 0.0033793129938737084 
0.026555175619155477 0.03131942498743053 0.028702113027947215 0.0293077167105609 0.029136924025870852 0.027744252794483996 0.02407541126218597 0.016309735745202645 0.0033540269670607583 
0.025711274327107018 0.02975417557658656 0.027501037267697634 0.028014460530060493 0.027744252794483996 0.026590025931240324 0.023101187243504098 0.01569234905015352 0.0032338797984807596 
0.022164619977417133 0.026034950613761713 0.02391988129212526 0.024264051569368658 0.02407541126218597 0.023101187243504098 0.020232854934905495 0.013863203563391888 0.002951152536331382 
0.014909095180699557 0.017723957829649962 0.01626108440393226 0.016443376636126078 0.016309735745202645 0.01569234905015352 0.013863203563391888 0.009756863276172673 0.0023124334783824 
0.0035028047102170622 0.003999083012084847 0.003352413264815106 0.0033793129938737084 0.0033540269670607583 0.0032338797984807596 0.002951152536331382 0.0023124334783824 0.0009786907473912233 
