# p=8 (number_of_bins), n=156 (number_of_subsample)
1.5579874386150196 0.0077083546030569895 0.011848244952041042 0.022608102732390813 0.02035056410578176 0.018786997847858478 0.007318051232122519 -0.0027130600457816274 
0.0077083546030569895 0.17183801685207484 0.027199824277731998 0.03212546616808924 0.03309758491967165 0.02850392500871348 0.01962445031976803 0.004011927954906368 
0.011848244952041042 0.027199824277731998 0.0542744275284307 0.029482127801065083 0.0289622332310894 0.0257912867304181 0.0182021327122871 0.003800104128407494 
0.022608102732390813 0.03212546616808924 0.029482127801065083 0.034686927303225146 0.029501583984984068 0.02644105632477273 0.01800893188643454 0.0029039864768428186 
0.02035056410578176 0.03309758491967165 0.0289622332310894 0.029501583984984068 0.028741665921079223 0.0254820796825308 0.017439877049344823 0.002998550854480919 
0.018786997847858478 0.02850392500871348 0.0257912867304181 0.02644105632477273 0.0254820796825308 0.023392879543162094 0.016068200917357285 0.00285875828653819 
0.007318051232122519 0.01962445031976803 0.0182021327122871 0.01800893188643454 0.017439877049344823 0.016068200917357285 0.011413601959410748 0.0023676011100978254 
-0.0027130600457816274 0.004011927954906368 0.003800104128407494 0.0029039864768428186 0.002998550854480919 0.00285875828653819 0.0023676011100978254 0.001278323698349673 
