#           sigma8,          omega_m,          omega_b,              n_s,  alphastar_icept,   betastar_icept, logepsilonstar_slope, logepsilonstar_icept,      logMc_slope,      logMc_icept,        sigma_MUV,                Q,                M,                h,          Omega_m
 2.279130e-02	-1.969886e-05	 1.205083e-06	-1.009737e-02	 2.024223e-02	-9.474323e-03	-1.049603e-01	-4.708605e-02	 1.099598e-01	 5.092994e-02	-2.708411e-03	-4.226901e-05	 2.240160e-04	 8.739537e-05	-1.164879e-04	
-1.969886e-05	 1.855116e-05	 2.863172e-07	-2.836253e-05	 5.982345e-06	 1.546398e-04	-4.004094e-05	-8.103094e-05	-1.508548e-04	 1.253895e-05	 2.323269e-05	 4.612813e-05	-1.618883e-04	-6.471582e-05	 9.495218e-05	
 1.205083e-06	 2.863172e-07	 1.341259e-07	-6.919038e-07	 1.285671e-06	 6.896138e-06	-5.920930e-06	-3.409062e-06	 1.192219e-06	 2.400159e-06	 1.780692e-06	 1.294971e-06	 2.053904e-06	 6.354061e-07	 5.510563e-08	
-1.009737e-02	-2.836253e-05	-6.919038e-07	 1.021404e-02	-1.084503e-02	-1.476083e-02	 3.293740e-02	 1.484419e-02	 7.239048e-03	-1.110827e-02	-3.707540e-03	-2.386628e-04	 2.378317e-04	 9.538217e-05	-1.429584e-04	
 2.024223e-02	 5.982345e-06	 1.285671e-06	-1.084503e-02	 2.112158e-02	 2.325831e-02	-1.024449e-01	-4.477435e-02	 6.568984e-02	 4.475034e-02	 6.362303e-03	 2.563289e-04	-1.448828e-05	-6.513248e-06	 1.746572e-05	
-9.474323e-03	 1.546398e-04	 6.896138e-06	-1.476083e-02	 2.325831e-02	 6.635703e-01	-1.418177e-01	-2.257151e-02	-5.661379e-01	-4.304712e-02	 1.389211e-01	 3.432897e-03	-1.221733e-03	-4.936512e-04	 7.198812e-04	
-1.049603e-01	-4.004094e-05	-5.920930e-06	 3.293740e-02	-1.024449e-01	-1.418177e-01	 6.568438e-01	 2.703509e-01	-4.663806e-01	-2.708340e-01	-4.946439e-02	-1.856556e-04	 1.960492e-04	 8.221005e-05	-1.399023e-04	
-4.708605e-02	-8.103094e-05	-3.409062e-06	 1.484419e-02	-4.477435e-02	-2.257151e-02	 2.703509e-01	 1.210777e-01	-2.473454e-01	-1.231888e-01	-9.814342e-03	 1.476371e-02	 6.442305e-04	 2.586444e-04	-3.901362e-04	
 1.099598e-01	-1.508548e-04	 1.192219e-06	 7.239048e-03	 6.568984e-02	-5.661379e-01	-4.663806e-01	-2.473454e-01	 1.386187e+00	 3.600252e-01	-1.627955e-01	-1.498587e-03	 1.445577e-03	 5.767363e-04	-7.866225e-04	
 5.092994e-02	 1.253895e-05	 2.400159e-06	-1.110827e-02	 4.475034e-02	-4.304712e-02	-2.708340e-01	-1.231888e-01	 3.600252e-01	 1.458496e-01	-1.399202e-02	 5.302726e-04	-4.082272e-05	-1.708492e-05	 4.257981e-05	
-2.708411e-03	 2.323269e-05	 1.780692e-06	-3.707540e-03	 6.362303e-03	 1.389211e-01	-4.946439e-02	-9.814342e-03	-1.627955e-01	-1.399202e-02	 5.275933e-02	 3.271373e-04	-1.643738e-04	-6.785157e-05	 9.515935e-05	
-4.226901e-05	 4.612813e-05	 1.294971e-06	-2.386628e-04	 2.563289e-04	 3.432897e-03	-1.856556e-04	 1.476371e-02	-1.498587e-03	 5.302726e-04	 3.271373e-04	 8.416628e-02	-3.580226e-04	-1.504359e-04	 2.342079e-04	
 2.240160e-04	-1.618883e-04	 2.053904e-06	 2.378317e-04	-1.448828e-05	-1.221733e-03	 1.960492e-04	 6.442305e-04	 1.445577e-03	-4.082272e-05	-1.643738e-04	-3.580226e-04	 1.591308e-03	 6.226687e-04	-8.773414e-04	
 8.739537e-05	-6.471582e-05	 6.354061e-07	 9.538217e-05	-6.513248e-06	-4.936512e-04	 8.221005e-05	 2.586444e-04	 5.767363e-04	-1.708492e-05	-6.785157e-05	-1.504359e-04	 6.226687e-04	 2.466321e-04	-3.486183e-04	
-1.164879e-04	 9.495218e-05	 5.510563e-08	-1.429584e-04	 1.746572e-05	 7.198812e-04	-1.399023e-04	-3.901362e-04	-7.866225e-04	 4.257981e-05	 9.515935e-05	 2.342079e-04	-8.773414e-04	-3.486183e-04	 5.019632e-04	
