#           sigma8,          omega_m,          omega_b,              n_s,  alphastar_icept,   betastar_icept, logepsilonstar_slope, logepsilonstar_icept,      logMc_slope,      logMc_icept,        sigma_MUV,                M,                h,          Omega_m,      sigma0p5_cb,        sigma1_cb,        sigma2_cb,        sigma3_cb,        sigma4_cb,        sigma8_cb
 2.037639e-02	-3.118006e-05	-4.628640e-07	-5.340111e-03	 2.384359e-02	 4.737208e-02	-1.585312e-01	-4.601304e-02	 3.208263e-02	 3.201140e-02	 8.204134e-03	 2.753855e-04	 1.080285e-04	-1.624399e-04	 8.293684e-02	 6.653405e-02	 5.129870e-02	 4.308561e-02	 3.762578e-02	 2.047206e-02	
-3.118006e-05	 1.701974e-05	 2.643933e-07	-1.172722e-05	-1.213750e-05	-3.385576e-05	 7.393692e-05	-1.068162e-05	 1.225008e-05	 1.602095e-05	-6.005303e-06	-1.476306e-04	-5.898316e-05	 8.804202e-05	 2.756147e-04	 1.939036e-04	 1.265265e-04	 9.384746e-05	 7.369879e-05	-3.163057e-05	
-4.628640e-07	 2.643933e-07	 1.277911e-07	 2.665335e-07	-7.297107e-07	-4.792387e-06	 5.185077e-06	 4.193617e-07	 1.567726e-06	-6.588046e-07	-7.483855e-07	 2.051557e-06	 6.384546e-07	 7.306795e-09	-3.537179e-06	-2.944042e-06	-2.357866e-06	-2.026442e-06	-1.799318e-06	-4.749516e-07	
-5.340111e-03	-1.172722e-05	 2.665335e-07	 1.451268e-02	-6.939842e-03	 2.025434e-02	-1.246871e-02	-1.048056e-02	 1.469679e-02	 9.744398e-03	 7.073376e-03	 1.035858e-04	 4.493261e-05	-6.809144e-05	 4.865662e-02	 2.424640e-02	 8.433317e-03	 2.431272e-03	-6.214741e-04	-5.363720e-03	
 2.384359e-02	-1.213750e-05	-7.297107e-07	-6.939842e-03	 3.407071e-02	 8.612171e-02	-1.985100e-01	-5.526434e-02	 3.277003e-02	 4.262043e-02	 1.506789e-02	 8.869985e-05	 3.517610e-05	-5.764147e-05	 9.588912e-02	 7.725160e-02	 5.978619e-02	 5.031412e-02	 4.399633e-02	 2.395642e-02	
 4.737208e-02	-3.385576e-05	-4.792387e-06	 2.025434e-02	 8.612171e-02	 8.369361e-01	-7.693252e-01	-2.050168e-01	-3.572292e-02	 1.404101e-01	 1.431006e-01	 1.062371e-04	 5.970427e-05	-1.387565e-04	 3.747174e-01	 2.627853e-01	 1.763309e-01	 1.361703e-01	 1.118695e-01	 4.759630e-02	
-1.585312e-01	 7.393692e-05	 5.185077e-06	-1.246871e-02	-1.985100e-01	-7.693252e-01	 1.811524e+00	 5.095341e-01	-1.109940e-01	-3.097504e-01	-1.730757e-01	-4.491549e-04	-1.973508e-04	 3.577641e-04	-9.489391e-01	-6.984252e-01	-4.948200e-01	-3.957636e-01	-3.338946e-01	-1.592798e-01	
-4.601304e-02	-1.068162e-05	 4.193617e-07	-1.048056e-02	-5.526434e-02	-2.050168e-01	 5.095341e-01	 1.619806e-01	-8.694483e-02	-9.903814e-02	-5.647221e-02	 1.313050e-04	 4.719560e-05	-5.528705e-05	-3.123613e-01	-2.247548e-01	-1.553252e-01	-1.222946e-01	-1.019731e-01	-4.623129e-02	
 3.208263e-02	 1.225008e-05	 1.567726e-06	 1.469679e-02	 3.277003e-02	-3.572292e-02	-1.109940e-01	-8.694483e-02	 3.106497e-01	 1.033494e-01	-5.970861e-03	-4.835540e-05	-2.559374e-05	 4.596341e-05	 2.510853e-01	 1.767080e-01	 1.189622e-01	 9.202802e-02	 7.569039e-02	 3.223855e-02	
 3.201140e-02	 1.602095e-05	-6.588046e-07	 9.744398e-03	 4.262043e-02	 1.404101e-01	-3.097504e-01	-9.903814e-02	 1.033494e-01	 8.913263e-02	 2.336065e-02	-1.772305e-04	-6.871077e-05	 8.837229e-05	 2.294942e-01	 1.636994e-01	 1.119914e-01	 8.758645e-02	 7.265594e-02	 3.216391e-02	
 8.204134e-03	-6.005303e-06	-7.483855e-07	 7.073376e-03	 1.506789e-02	 1.431006e-01	-1.730757e-01	-5.647221e-02	-5.970861e-03	 2.336065e-02	 5.293586e-02	 5.486715e-06	 1.053816e-05	-2.766329e-05	 8.280364e-02	 5.615227e-02	 3.615056e-02	 2.711842e-02	 2.176537e-02	 8.242980e-03	
 2.753855e-04	-1.476306e-04	 2.051557e-06	 1.035858e-04	 8.869985e-05	 1.062371e-04	-4.491549e-04	 1.313050e-04	-4.835540e-05	-1.772305e-04	 5.486715e-06	 1.451482e-03	 5.666910e-04	-8.108478e-04	-2.724240e-03	-1.922367e-03	-1.262355e-03	-9.423408e-04	-7.449054e-04	 2.791379e-04	
 1.080285e-04	-5.898316e-05	 6.384546e-07	 4.493261e-05	 3.517610e-05	 5.970427e-05	-1.973508e-04	 4.719560e-05	-2.559374e-05	-6.871077e-05	 1.053816e-05	 5.666910e-04	 2.241747e-04	-3.218946e-04	-1.063504e-03	-7.530972e-04	-4.963750e-04	-3.714348e-04	-2.941756e-04	 1.095263e-04	
-1.624399e-04	 8.804202e-05	 7.306795e-09	-6.809144e-05	-5.764147e-05	-1.387565e-04	 3.577641e-04	-5.528705e-05	 4.596341e-05	 8.837229e-05	-2.766329e-05	-8.108478e-04	-3.218946e-04	 4.709332e-04	 1.491921e-03	 1.056057e-03	 6.947709e-04	 5.187259e-04	 4.098256e-04	-1.647187e-04	
 8.293684e-02	 2.756147e-04	-3.537179e-06	 4.865662e-02	 9.588912e-02	 3.747174e-01	-9.489391e-01	-3.123613e-01	 2.510853e-01	 2.294942e-01	 8.280364e-02	-2.724240e-03	-1.063504e-03	 1.491921e-03	 7.436877e-01	 5.129776e-01	 3.374381e-01	 2.570541e-01	 2.089113e-01	 8.332809e-02	
 6.653405e-02	 1.939036e-04	-2.944042e-06	 2.424640e-02	 7.725160e-02	 2.627853e-01	-6.984252e-01	-2.247548e-01	 1.767080e-01	 1.636994e-01	 5.615227e-02	-1.922367e-03	-7.530972e-04	 1.056057e-03	 5.129776e-01	 3.619283e-01	 2.445697e-01	 1.897453e-01	 1.564393e-01	 6.684662e-02	
 5.129870e-02	 1.265265e-04	-2.357866e-06	 8.433317e-03	 5.978619e-02	 1.763309e-01	-4.948200e-01	-1.553252e-01	 1.189622e-01	 1.119914e-01	 3.615056e-02	-1.262355e-03	-4.963750e-04	 6.947709e-04	 3.374381e-01	 2.445697e-01	 1.703714e-01	 1.348152e-01	 1.128325e-01	 5.153883e-02	
 4.308561e-02	 9.384746e-05	-2.026442e-06	 2.431272e-03	 5.031412e-02	 1.361703e-01	-3.957636e-01	-1.222946e-01	 9.202802e-02	 8.758645e-02	 2.711842e-02	-9.423408e-04	-3.714348e-04	 5.187259e-04	 2.570541e-01	 1.897453e-01	 1.348152e-01	 1.080009e-01	 9.121778e-02	 4.328691e-02	
 3.762578e-02	 7.369879e-05	-1.799318e-06	-6.214741e-04	 4.399633e-02	 1.118695e-01	-3.338946e-01	-1.019731e-01	 7.569039e-02	 7.265594e-02	 2.176537e-02	-7.449054e-04	-2.941756e-04	 4.098256e-04	 2.089113e-01	 1.564393e-01	 1.128325e-01	 9.121778e-02	 7.755465e-02	 3.780135e-02	
 2.047206e-02	-3.163057e-05	-4.749516e-07	-5.363720e-03	 2.395642e-02	 4.759630e-02	-1.592798e-01	-4.623129e-02	 3.223855e-02	 3.216391e-02	 8.242980e-03	 2.791379e-04	 1.095263e-04	-1.647187e-04	 8.332809e-02	 6.684662e-02	 5.153883e-02	 4.328691e-02	 3.780135e-02	 2.056824e-02	
