#          omega_b,        omega_cdm,                h,     ln10^{10}A_s,              n_s,         tau_reio,  alphastar_icept,   betastar_icept, logepsilonstar_slope, logepsilonstar_icept,      logMc_slope,      logMc_icept,        sigma_MUV,                Q,           logas2,           logas3,           logas4,              aST,        A_cib_217,        xi_sz_cib,             A_sz,     ps_A_100_100,     ps_A_143_143,     ps_A_143_217,     ps_A_217_217,         ksz_norm,     gal545_A_100,     gal545_A_143, gal545_A_143_217,     gal545_A_217,    galf_TE_A_100, galf_TE_A_100_143, galf_TE_A_100_217,    galf_TE_A_143, galf_TE_A_143_217,    galf_TE_A_217,       calib_100T,       calib_217T,         A_planck,           z_reio,     Omega_Lambda,              YHe,              A_s,      100*theta_s,           sigma8,          Omega_m,           pk1p06,            pk1p5,              pk2,            pk4p7,              pk6,              pk8
 2.039948e-08	-1.003110e-07	 5.715249e-07	 5.625923e-07	 2.627861e-07	 3.411732e-07	 4.983883e-07	 3.811923e-06	-3.339263e-06	-8.018739e-07	 2.487739e-06	 1.780422e-06	 1.777981e-06	 9.360584e-07	 5.356520e-07	 5.068084e-07	-1.800415e-05	-8.510970e-08	-9.493581e-05	 2.178161e-06	 1.386955e-05	-2.963058e-04	-1.982685e-04	-4.388550e-05	 4.125624e-05	-3.287778e-05	 1.112878e-06	-5.272722e-07	-7.382019e-06	 2.307286e-05	 1.045561e-07	-3.854072e-09	 3.470170e-08	-2.714111e-07	-4.979457e-07	-2.372945e-06	 2.999402e-09	-2.693434e-09	 1.655463e-08	 2.892484e-05	 7.121398e-07	 8.694254e-09	 1.182009e-15	 1.079280e-08	-9.572518e-08	-7.120043e-07	-1.156472e-04	-4.855930e-05	-2.322776e-05	-2.393666e-06	-1.225769e-06	-5.517624e-07	
-1.003110e-07	 1.506956e-06	-6.485223e-06	-4.886873e-06	-3.379868e-06	-4.007380e-06	-1.451470e-06	-7.286586e-06	 9.347560e-06	-4.303627e-06	-1.112347e-05	-9.509101e-06	 4.964567e-06	-3.325114e-06	-4.330325e-06	-1.516147e-06	-2.244813e-04	-3.193648e-07	 3.569036e-04	-9.003304e-06	-1.919337e-05	 7.347169e-04	 9.307204e-04	 3.104661e-04	-5.753299e-05	 6.834953e-05	-1.670115e-05	-6.601034e-05	 6.021721e-05	-1.597204e-05	-1.114923e-06	-3.360608e-07	-8.848502e-07	 1.664691e-06	 1.405787e-06	 1.156302e-05	-1.113757e-08	 2.021226e-08	-1.460840e-07	-3.669461e-04	-9.203020e-06	-4.275193e-08	-1.026678e-14	-8.684314e-08	 2.288270e-06	 9.201481e-06	 1.642532e-03	 6.947793e-04	 3.344464e-04	 3.518246e-05	 1.813701e-05	 8.232466e-06	
 5.715249e-07	-6.485223e-06	 3.021858e-05	 2.327993e-05	 1.523486e-05	 1.796227e-05	 1.916048e-05	 9.081656e-05	-5.278471e-05	 1.074775e-05	 3.907633e-05	 5.426388e-05	 7.701123e-06	 1.330595e-05	 1.361583e-05	-3.123690e-06	 6.072939e-04	 1.426174e-07	-2.033936e-03	 5.456513e-05	 1.857260e-04	-4.809233e-03	-5.214748e-03	-1.582252e-03	 2.998945e-04	-4.787338e-04	 8.261497e-05	 2.657366e-04	-2.810104e-04	 1.906453e-04	 5.578574e-06	 1.614566e-06	 3.610940e-06	-8.463915e-06	-1.012807e-05	-6.331361e-05	 8.610164e-08	-9.294555e-08	 5.855204e-07	 1.620062e-03	 4.143704e-05	 2.435806e-07	 4.891038e-14	 6.883377e-07	-9.008471e-06	-4.142987e-05	-7.167231e-03	-3.024928e-03	-1.453342e-03	-1.519457e-04	-7.817518e-05	-3.539615e-05	
 5.625923e-07	-4.886873e-06	 2.327993e-05	 1.918325e-04	 1.445202e-05	 9.306562e-05	 2.440019e-06	 2.190972e-04	-5.229346e-04	-1.979078e-04	 1.047212e-04	 1.327657e-04	 1.673429e-04	-2.827354e-04	-1.007812e-05	 6.290411e-05	 2.819338e-03	 6.293818e-06	-5.524636e-03	 9.424515e-05	 8.789062e-04	-1.793538e-02	-7.681015e-03	 2.561416e-04	 7.696833e-03	-2.859469e-03	 2.658496e-05	 3.124246e-04	 1.158499e-04	 3.191214e-03	 8.240635e-06	 6.972409e-06	 1.390509e-05	-1.391336e-05	-2.957146e-05	-1.646018e-04	 1.975497e-07	-2.162759e-07	 7.276804e-06	 9.323757e-03	 3.141079e-05	 2.397995e-07	 4.032077e-13	 3.180689e-07	 6.406450e-05	-3.140527e-05	 8.360551e-03	 3.700626e-03	 1.860928e-03	 2.285789e-04	 1.238732e-04	 5.977711e-05	
 2.627861e-07	-3.379868e-06	 1.523486e-05	 1.445202e-05	 1.553209e-05	 1.138847e-05	 1.067622e-05	 4.143944e-05	-3.702663e-05	 2.445893e-06	-8.397912e-05	 3.432675e-08	-1.247803e-05	-2.904781e-05	-1.194247e-05	-2.877539e-05	-5.154408e-04	-1.708451e-06	-3.682674e-03	 9.804329e-05	 6.110230e-04	-1.689682e-02	-6.246872e-03	 8.542006e-04	 3.954753e-03	-1.937058e-03	 2.762752e-04	-8.172953e-05	-5.224349e-04	 3.623387e-04	 4.491541e-06	 1.375951e-06	 2.021590e-06	-6.271346e-06	-4.828234e-06	-2.909975e-05	-1.131487e-08	-1.279685e-07	 2.571922e-07	 1.056389e-03	 2.117610e-05	 1.119901e-07	 3.040595e-14	 2.975194e-07	-1.355227e-06	-2.117249e-05	-1.685968e-03	-6.041208e-04	-2.436085e-04	-8.328036e-06	-1.304088e-06	 1.141529e-06	
 3.411732e-07	-4.007380e-06	 1.796227e-05	 9.306562e-05	 1.138847e-05	 5.286202e-05	-9.895983e-06	 9.495591e-06	-2.500390e-04	-9.347891e-05	 1.242833e-04	 5.546391e-05	 4.568643e-05	-1.420470e-04	 9.653843e-06	 3.828775e-05	 9.801291e-04	 7.404650e-06	-3.092425e-03	 4.279547e-05	 4.442743e-04	-1.141084e-02	-5.302695e-03	-1.202778e-03	 1.446624e-03	-1.141944e-03	 1.711407e-04	 4.166330e-04	 2.400209e-04	 1.144060e-03	 3.990591e-06	 4.149581e-06	 4.218744e-06	-5.514572e-06	-1.026550e-05	-9.932822e-05	 6.234309e-08	-9.951877e-08	-1.604599e-06	 5.276421e-03	 2.495740e-05	 1.454093e-07	 1.956274e-13	 2.445217e-07	 2.681338e-05	-2.495315e-05	 2.129765e-03	 9.873210e-04	 5.165792e-04	 7.115835e-05	 3.975543e-05	 1.984817e-05	
 4.983883e-07	-1.451470e-06	 1.916048e-05	 2.440019e-06	 1.067622e-05	-9.895983e-06	 1.762366e-02	 1.783857e-02	-2.103576e-02	-1.058497e-02	 3.301335e-02	 2.569343e-02	 3.394308e-03	 4.668999e-03	 4.158482e-03	-6.586946e-03	 1.653859e-01	 1.222035e-04	-9.127426e-03	 6.797847e-04	 3.617761e-03	-5.204434e-02	-1.708287e-03	 2.617094e-02	 1.570666e-02	-6.769805e-04	 9.133635e-04	 2.386811e-03	 1.457741e-03	 8.913392e-03	-9.083359e-05	-5.545201e-05	-6.941050e-05	 1.693632e-05	-1.850455e-04	 5.117189e-04	-6.606175e-07	-1.149036e-07	 1.010194e-05	-1.128478e-03	 2.086472e-05	 2.121282e-07	 5.020114e-15	 2.948865e-06	 7.244859e-07	-2.086004e-05	-2.053771e-03	-7.932284e-04	-3.500115e-04	-2.566150e-05	-1.134108e-05	-4.054695e-06	
 3.811923e-06	-7.286586e-06	 9.081656e-05	 2.190972e-04	 4.143944e-05	 9.495591e-06	 1.783857e-02	 3.991514e-01	-1.482293e-01	-3.852354e-02	-2.391066e-01	 1.019998e-02	 1.242020e-01	 8.013097e-03	-9.511462e-03	-8.789330e-03	-3.762728e-02	-1.412171e-03	-6.335468e-02	 3.082016e-03	 7.104181e-03	-1.410709e-01	-8.460271e-02	 1.789495e-02	 4.828595e-02	-8.747261e-03	-4.932259e-03	 2.564535e-02	 3.007712e-02	 8.125102e-02	-9.180122e-05	-6.730536e-05	-2.451736e-05	-9.651284e-05	-8.638372e-04	-4.029772e-03	 6.214725e-06	 1.766318e-06	 8.796617e-05	 1.769407e-04	 8.976773e-05	 1.620246e-06	 4.612377e-13	 8.967441e-06	 6.843548e-05	-8.974642e-05	 1.783301e-03	 1.100106e-03	 6.812661e-04	 1.282377e-04	 7.599984e-05	 4.023880e-05	
-3.339263e-06	 9.347560e-06	-5.278471e-05	-5.229346e-04	-3.702663e-05	-2.500390e-04	-2.103576e-02	-1.482293e-01	 4.265777e-01	 1.358433e-01	-1.620659e-01	-1.191378e-01	-9.974085e-02	-2.112793e-02	-7.572980e-02	-8.312694e-02	-2.865049e-01	 3.051077e-04	 9.721997e-02	-3.620269e-03	-6.289812e-03	 6.709197e-02	-1.010749e-02	-1.007690e-02	-7.849860e-02	-3.847551e-03	 3.120229e-02	-2.629582e-03	-1.053887e-02	-5.446958e-02	 5.710173e-05	-9.416702e-05	-1.046510e-04	 1.050365e-04	 1.801333e-03	 5.265136e-03	 3.936551e-06	 8.092338e-07	-2.103405e-05	-2.469693e-02	-6.449155e-05	-1.418220e-06	-1.100996e-12	 2.818545e-06	-1.771820e-04	 6.447898e-05	-2.550932e-02	-1.129022e-02	-5.673188e-03	-6.935281e-04	-3.751723e-04	-1.806211e-04	
-8.018739e-07	-4.303627e-06	 1.074775e-05	-1.979078e-04	 2.445893e-06	-9.347891e-05	-1.058497e-02	-3.852354e-02	 1.358433e-01	 5.210416e-02	-9.607797e-02	-4.756939e-02	-3.173256e-02	 7.345682e-03	-2.828497e-02	-2.830644e-02	-1.598028e-01	 2.625241e-05	 2.205276e-02	-1.394460e-03	-1.434939e-03	 2.028547e-02	-2.389458e-03	 1.660440e-03	 3.755835e-04	-5.020492e-03	 9.402768e-03	-3.939291e-03	-7.623579e-03	-2.092298e-02	 4.723530e-05	 7.285251e-09	-5.960030e-05	 1.197690e-04	 4.727572e-04	 1.395106e-03	 1.549269e-06	-9.855974e-08	-1.217063e-06	-9.441193e-03	 1.988659e-05	-3.407860e-07	-4.169419e-13	 6.893404e-07	-9.073253e-05	-1.988418e-05	-1.997388e-02	-8.667391e-03	-4.276492e-03	-4.920811e-04	-2.613606e-04	-1.231301e-04	
 2.487739e-06	-1.112347e-05	 3.907633e-05	 1.047212e-04	-8.397912e-05	 1.242833e-04	 3.301335e-02	-2.391066e-01	-1.620659e-01	-9.607797e-02	 8.714431e-01	 2.179661e-01	-7.568080e-02	 3.046786e-02	 1.026973e-01	 9.757685e-02	 6.391037e-01	 3.607311e-03	-1.899824e-02	 4.054225e-03	-1.852643e-02	 2.095026e-01	 8.098987e-03	-6.698933e-02	-1.554159e-01	 8.192546e-02	-2.712101e-02	-9.906752e-03	-1.441159e-02	 3.254057e-03	-9.089648e-05	-5.139283e-06	 3.154518e-04	-9.370179e-04	-8.037936e-04	 3.501224e-03	-1.565249e-05	-1.399885e-05	-5.921921e-05	 1.214134e-02	 6.526946e-05	 1.059729e-06	 2.252260e-13	-5.716761e-06	-2.824675e-05	-6.525827e-05	-3.352986e-02	-1.560692e-02	-8.123558e-03	-1.076035e-03	-5.927506e-04	-2.911526e-04	
 1.780422e-06	-9.509101e-06	 5.426388e-05	 1.327657e-04	 3.432675e-08	 5.546391e-05	 2.569343e-02	 1.019998e-02	-1.191378e-01	-4.756939e-02	 2.179661e-01	 9.910071e-02	-1.623699e-03	 1.459049e-02	 3.680363e-02	 3.130082e-02	 2.711511e-01	 9.699664e-04	-3.177434e-02	 2.110347e-03	 2.209282e-03	-6.032138e-03	-5.581365e-03	 2.565884e-02	 1.966906e-02	 1.582473e-02	-1.021460e-02	 1.378433e-03	-6.386849e-03	 1.376115e-02	-8.274158e-05	-2.158072e-05	 3.012349e-05	-1.942087e-04	-9.236434e-04	-3.489285e-05	-3.396317e-06	-3.388349e-06	 1.743689e-05	 5.286287e-03	 7.052658e-05	 7.579567e-07	 2.790737e-13	 1.706779e-06	 1.851738e-05	-7.051331e-05	-1.070378e-02	-4.778955e-03	-2.405094e-03	-2.895898e-04	-1.554249e-04	-7.409386e-05	
 1.777981e-06	 4.964567e-06	 7.701123e-06	 1.673429e-04	-1.247803e-05	 4.568643e-05	 3.394308e-03	 1.242020e-01	-9.974085e-02	-3.173256e-02	-7.568080e-02	-1.623699e-03	 8.262631e-02	 2.222097e-03	 3.303527e-03	 5.929591e-03	 2.022840e-02	-3.619536e-04	-2.124095e-02	 1.952849e-03	 4.174489e-03	-5.727952e-02	-1.320980e-03	 1.215201e-02	 1.808971e-03	 2.505117e-03	-3.250500e-03	 1.080120e-02	 2.837164e-02	 5.016947e-02	-2.471778e-04	-1.455410e-04	 2.802475e-04	-3.364415e-05	-1.671092e-04	-1.510092e-03	 4.727640e-06	 4.538493e-06	 2.336610e-05	 4.273619e-03	-9.317560e-06	 7.545565e-07	 3.525749e-13	 2.640353e-06	 7.468361e-05	 9.319152e-06	 1.287784e-02	 5.484786e-03	 2.662252e-03	 2.903970e-04	 1.517326e-04	 7.006375e-05	
 9.360584e-07	-3.325114e-06	 1.330595e-05	-2.827354e-04	-2.904781e-05	-1.420470e-04	 4.668999e-03	 8.013097e-03	-2.112793e-02	 7.345682e-03	 3.046786e-02	 1.459049e-02	 2.222097e-03	 8.603427e-02	 4.771484e-03	 1.811685e-03	-3.745783e-03	 2.608333e-04	-3.496820e-02	-8.246217e-05	-1.248844e-03	-7.599769e-02	 8.815477e-04	 1.217584e-02	 5.166630e-02	 2.199266e-03	-1.683201e-03	-7.927624e-03	-7.761324e-03	 1.651647e-02	-1.231591e-04	-5.172384e-05	 3.423651e-04	 1.629699e-04	-3.078154e-04	 6.040008e-04	-1.589825e-06	-3.765713e-06	-3.323937e-06	-1.479559e-02	 1.674833e-05	 3.960692e-07	-5.927815e-13	-2.085203e-06	-1.401823e-04	-1.674508e-05	-3.503084e-02	-1.552601e-02	-7.795180e-03	-9.441005e-04	-5.087346e-04	-2.437871e-04	
 5.356520e-07	-4.330325e-06	 1.361583e-05	-1.007812e-05	-1.194247e-05	 9.653843e-06	 4.158482e-03	-9.511462e-03	-7.572980e-02	-2.828497e-02	 1.026973e-01	 3.680363e-02	 3.303527e-03	 4.771484e-03	 2.223227e-02	 2.405461e-02	 8.552027e-02	 8.518852e-04	-9.613169e-03	 6.293111e-04	-1.697479e-03	 3.517173e-02	 1.537435e-02	-4.188776e-03	-6.784926e-03	 9.999145e-03	-7.344288e-03	-8.848730e-04	-3.659397e-04	 6.118388e-03	-6.489988e-06	-1.680368e-06	 2.746917e-05	-1.179088e-04	-3.558124e-04	-4.062429e-04	-1.871657e-06	-9.601787e-07	-8.861737e-06	 8.006722e-04	 2.234437e-05	 2.278138e-07	-2.041243e-14	-1.798133e-06	-2.510994e-05	-2.234098e-05	-1.152951e-02	-5.185943e-03	-2.630724e-03	-3.262722e-04	-1.767874e-04	-8.524039e-05	
 5.068084e-07	-1.516147e-06	-3.123690e-06	 6.290411e-05	-2.877539e-05	 3.828775e-05	-6.586946e-03	-8.789330e-03	-8.312694e-02	-2.830644e-02	 9.757685e-02	 3.130082e-02	 5.929591e-03	 1.811685e-03	 2.405461e-02	 3.680089e-02	-1.826992e-03	 7.786989e-04	-1.255349e-02	 5.433989e-04	-4.164547e-03	 9.460380e-02	 1.916284e-02	-1.537605e-02	-4.796101e-03	 1.017182e-02	-1.069011e-02	-1.258618e-03	 3.403744e-04	 9.539950e-03	 2.305547e-05	 4.238736e-05	 5.282602e-05	-1.443851e-04	-3.195102e-04	-8.571353e-04	-1.086060e-06	-1.256920e-06	-5.527540e-06	 3.791304e-03	 1.052509e-07	 2.156664e-07	 1.330864e-13	-3.806837e-06	 6.577889e-06	-1.058869e-07	-4.366298e-03	-2.236818e-03	-1.241974e-03	-1.896421e-04	-1.078081e-04	-5.475329e-05	
-1.800415e-05	-2.244813e-04	 6.072939e-04	 2.819338e-03	-5.154408e-04	 9.801291e-04	 1.653859e-01	-3.762728e-02	-2.865049e-01	-1.598028e-01	 6.391037e-01	 2.711511e-01	 2.022840e-02	-3.745783e-03	 8.552027e-02	-1.826992e-03	 2.229279e+01	 9.739140e-05	 1.341066e+00	-4.620324e-03	-6.390951e-02	-1.242490e+00	 1.273303e+00	 5.379089e-02	-1.470448e+00	 3.274906e-01	-2.401313e-01	-5.608264e-02	 5.959105e-02	-5.235451e-01	 1.848319e-04	-2.847668e-03	 5.110241e-03	-3.220292e-03	-8.686860e-03	 1.104323e-02	-1.832199e-05	 4.015859e-05	 6.772432e-04	 1.114558e-01	 1.165017e-03	-7.685826e-06	 5.855334e-12	-1.343150e-06	 3.488159e-04	-1.164862e-03	-2.430592e-01	-1.145087e-01	-5.999328e-02	-8.017021e-03	-4.419450e-03	-2.170573e-03	
-8.510970e-08	-3.193648e-07	 1.426174e-07	 6.293818e-06	-1.708451e-06	 7.404650e-06	 1.222035e-04	-1.412171e-03	 3.051077e-04	 2.625241e-05	 3.607311e-03	 9.699664e-04	-3.619536e-04	 2.608333e-04	 8.518852e-04	 7.786989e-04	 9.739140e-05	 8.493530e-04	 6.660236e-04	-3.986558e-05	-4.242309e-04	 2.232592e-03	 4.542208e-03	-4.059424e-04	-2.075946e-03	 5.874868e-04	 7.593107e-04	-1.268071e-04	 7.763361e-04	 1.166211e-03	-3.057539e-06	-2.390281e-05	-6.626620e-07	-2.867507e-05	-2.017429e-05	 1.004840e-04	 5.057968e-08	 4.538784e-07	-3.609521e-06	 7.515749e-04	 1.113548e-06	-3.628192e-08	 1.346744e-14	-5.364020e-08	 1.313979e-06	-1.113517e-06	-2.792316e-04	-1.449567e-04	-8.085937e-05	-1.236500e-05	-7.016981e-06	-3.556853e-06	
-9.493581e-05	 3.569036e-04	-2.033936e-03	-5.524636e-03	-3.682674e-03	-3.092425e-03	-9.127426e-03	-6.335468e-02	 9.721997e-02	 2.205276e-02	-1.899824e-02	-3.177434e-02	-2.124095e-02	-3.496820e-02	-9.613169e-03	-1.255349e-02	 1.341066e+00	 6.660236e-04	 4.299482e+01	-3.638546e-01	-8.265279e-01	 3.577232e+01	 2.060887e+00	-1.202618e+01	-5.305114e+01	-3.903971e-01	 1.322578e-01	 3.950817e-01	-5.835001e+00	-3.223974e+01	-2.298858e-03	 2.448669e-03	-1.183498e-02	 7.289835e-03	-8.982441e-03	-1.794065e-02	-2.260059e-04	 6.555500e-04	 7.988556e-04	-2.883494e-01	-2.479475e-03	-4.046059e-05	-1.164155e-11	 2.208583e-05	-1.778538e-03	 2.478992e-03	-4.671701e-01	-2.383083e-01	-1.324240e-01	-2.046271e-02	-1.168196e-02	-5.959756e-03	
 2.178161e-06	-9.003304e-06	 5.456513e-05	 9.424515e-05	 9.804329e-05	 4.279547e-05	 6.797847e-04	 3.082016e-03	-3.620269e-03	-1.394460e-03	 4.054225e-03	 2.110347e-03	 1.952849e-03	-8.246217e-05	 6.293111e-04	 5.433989e-04	-4.620324e-03	-3.986558e-05	-3.638546e-01	 8.007158e-02	-4.178250e-02	-4.480592e-01	 9.439281e-01	 1.697284e+00	 6.108080e-01	 4.206897e-02	-1.569235e-02	 1.012839e-02	 1.051160e-01	 1.200842e-01	-9.493040e-05	 1.207421e-04	-2.792022e-04	-1.399121e-05	 2.128312e-04	 1.623240e-05	 5.295919e-06	-2.480451e-07	-7.696143e-06	 3.685902e-03	 6.475885e-05	 9.281058e-07	 1.976529e-13	 8.817155e-07	 2.946734e-05	-6.474606e-05	 9.536033e-03	 5.098370e-03	 2.914933e-03	 4.753961e-04	 2.742425e-04	 1.413865e-04	
 1.386955e-05	-1.919337e-05	 1.857260e-04	 8.789062e-04	 6.110230e-04	 4.442743e-04	 3.617761e-03	 7.104181e-03	-6.289812e-03	-1.434939e-03	-1.852643e-02	 2.209282e-03	 4.174489e-03	-1.248844e-03	-1.697479e-03	-4.164547e-03	-6.390951e-02	-4.242309e-04	-8.265279e-01	-4.178250e-02	 3.671118e+00	-2.765198e+01	-2.857073e+00	 7.344303e+00	 5.249565e+00	-2.551958e+00	-2.246604e-01	 1.166288e-01	 2.552365e+00	 3.211286e+00	 1.973203e-03	-4.133522e-04	-9.027104e-04	-2.355333e-03	-2.768577e-03	-1.112431e-02	 1.351481e-04	-4.456856e-05	-6.159506e-06	 4.149322e-02	 1.899202e-04	 5.905974e-06	 1.858999e-12	-1.316326e-06	 4.263237e-04	-1.898773e-04	 1.455969e-01	 6.957077e-02	 3.696467e-02	 5.170041e-03	 2.887504e-03	 1.439600e-03	
-2.963058e-04	 7.347169e-04	-4.809233e-03	-1.793538e-02	-1.689682e-02	-1.141084e-02	-5.204434e-02	-1.410709e-01	 6.709197e-02	 2.028547e-02	 2.095026e-01	-6.032138e-03	-5.727952e-02	-7.599769e-02	 3.517173e-02	 9.460380e-02	-1.242490e+00	 2.232592e-03	 3.577232e+01	-4.480592e-01	-2.765198e+01	 7.356254e+02	 6.413421e+01	-4.673636e+01	-5.854789e+01	 1.063705e+01	-5.944875e+00	 5.187196e+00	-1.140305e+01	-2.416817e+01	-1.661148e-02	 1.705416e-02	-3.122932e-02	 3.143148e-02	 7.281659e-02	 1.066953e-01	 3.240975e-03	 3.574960e-04	 4.088044e-03	-1.096277e+00	-5.464155e-03	-1.262396e-04	-3.775124e-11	 1.280837e-04	-8.701843e-03	 5.463023e-03	-3.442667e+00	-1.668990e+00	-8.958020e-01	-1.282154e-01	-7.198162e-02	-3.608526e-02	
-1.982685e-04	 9.307204e-04	-5.214748e-03	-7.681015e-03	-6.246872e-03	-5.302695e-03	-1.708287e-03	-8.460271e-02	-1.010749e-02	-2.389458e-03	 8.098987e-03	-5.581365e-03	-1.320980e-03	 8.815477e-04	 1.537435e-02	 1.916284e-02	 1.273303e+00	 4.542208e-03	 2.060887e+00	 9.439281e-01	-2.857073e+00	 6.413421e+01	 6.115036e+01	 4.169894e+01	 1.512373e+01	-5.357791e+00	-7.618358e-01	-1.464484e+00	 3.391548e+00	 3.656008e+00	-8.013886e-03	 2.525561e-03	-8.463133e-03	 7.137213e-03	 1.119295e-02	 4.729609e-02	 1.460401e-05	 1.260748e-04	 4.831740e-04	-4.821053e-01	-6.511226e-03	-8.449051e-05	-1.620357e-11	-5.034035e-05	-1.198771e-03	 6.509989e-03	 2.246430e-03	-5.566133e-02	-5.129663e-02	-1.437278e-02	-8.959848e-03	-4.965192e-03	
-4.388550e-05	 3.104661e-04	-1.582252e-03	 2.561416e-04	 8.542006e-04	-1.202778e-03	 2.617094e-02	 1.789495e-02	-1.007690e-02	 1.660440e-03	-6.698933e-02	 2.565884e-02	 1.215201e-02	 1.217584e-02	-4.188776e-03	-1.537605e-02	 5.379089e-02	-4.059424e-04	-1.202618e+01	 1.697284e+00	 7.344303e+00	-4.673636e+01	 4.169894e+01	 8.487193e+01	 5.182629e+01	-1.168690e+01	-1.188315e+00	-8.146276e-01	 4.642884e+00	 6.959214e+00	 1.100793e-03	 3.383936e-03	-6.599712e-03	 1.884649e-03	 3.989071e-03	 1.413313e-02	 4.526899e-04	-3.640987e-04	 1.296141e-04	-1.100278e-01	-2.091658e-03	-1.870603e-05	 5.313453e-13	-3.096596e-05	 1.529484e-03	 2.091274e-03	 8.556392e-01	 3.843555e-01	 1.948013e-01	 2.411430e-02	 1.306144e-02	 6.294971e-03	
 4.125624e-05	-5.753299e-05	 2.998945e-04	 7.696833e-03	 3.954753e-03	 1.446624e-03	 1.570666e-02	 4.828595e-02	-7.849860e-02	 3.755835e-04	-1.554159e-01	 1.966906e-02	 1.808971e-03	 5.166630e-02	-6.784926e-03	-4.796101e-03	-1.470448e+00	-2.075946e-03	-5.305114e+01	 6.108080e-01	 5.249565e+00	-5.854789e+01	 1.512373e+01	 5.182629e+01	 1.011513e+02	-9.145395e+00	-7.074067e-01	-1.139399e+00	 5.449550e+00	 3.207533e+01	 4.678379e-03	-1.691126e-03	 1.620714e-02	-6.103585e-03	 1.757526e-02	 4.527343e-02	 4.551989e-04	-1.262004e-03	 8.766961e-04	 1.360168e-01	 3.160435e-04	 1.758203e-05	 1.620087e-11	-8.177112e-05	 3.897776e-03	-3.159749e-04	 1.346795e+00	 6.262178e-01	 3.262043e-01	 4.352595e-02	 2.404417e-02	 1.184723e-02	
-3.287778e-05	 6.834953e-05	-4.787338e-04	-2.859469e-03	-1.937058e-03	-1.141944e-03	-6.769805e-04	-8.747261e-03	-3.847551e-03	-5.020492e-03	 8.192546e-02	 1.582473e-02	 2.505117e-03	 2.199266e-03	 9.999145e-03	 1.017182e-02	 3.274906e-01	 5.874868e-04	-3.903971e-01	 4.206897e-02	-2.551958e+00	 1.063705e+01	-5.357791e+00	-1.168690e+01	-9.145395e+00	 5.781454e+00	 1.370921e-01	-2.074909e-01	-1.993004e+00	-2.008509e+00	-7.334370e-04	-6.591423e-05	 1.371285e-03	-1.847253e-04	 1.196754e-03	 2.714656e-03	-9.051366e-05	 3.521386e-05	 1.263112e-05	-1.075932e-01	-5.257124e-04	-1.401088e-05	-6.016512e-12	 1.678324e-05	-1.377326e-03	 5.256015e-04	-4.844167e-01	-2.303201e-01	-1.219496e-01	-1.692226e-02	-9.434441e-03	-4.694967e-03	
 1.112878e-06	-1.670115e-05	 8.261497e-05	 2.658496e-05	 2.762752e-04	 1.711407e-04	 9.133635e-04	-4.932259e-03	 3.120229e-02	 9.402768e-03	-2.712101e-02	-1.021460e-02	-3.250500e-03	-1.683201e-03	-7.344288e-03	-1.069011e-02	-2.401313e-01	 7.593107e-04	 1.322578e-01	-1.569235e-02	-2.246604e-01	-5.944875e+00	-7.618358e-01	-1.188315e+00	-7.074067e-01	 1.370921e-01	 3.297454e+00	 5.652273e-01	 1.525454e-01	 1.901206e-01	-1.012627e-04	-6.886334e-04	 1.563376e-03	-1.837985e-03	-4.593783e-03	-8.313314e-03	 1.962932e-04	 1.628018e-05	-1.985296e-05	 1.718971e-02	 1.011669e-04	 4.642371e-07	 5.639085e-14	 3.316050e-06	 3.299931e-05	-1.011483e-04	 3.514049e-02	 1.805276e-02	 1.006341e-02	 1.558944e-03	 8.898174e-04	 4.537730e-04	
-5.272722e-07	-6.601034e-05	 2.657366e-04	 3.124246e-04	-8.172953e-05	 4.166330e-04	 2.386811e-03	 2.564535e-02	-2.629582e-03	-3.939291e-03	-9.906752e-03	 1.378433e-03	 1.080120e-02	-7.927624e-03	-8.848730e-04	-1.258618e-03	-5.608264e-02	-1.268071e-04	 3.950817e-01	 1.012839e-02	 1.166288e-01	 5.187196e+00	-1.464484e+00	-8.146276e-01	-1.139399e+00	-2.074909e-01	 5.652273e-01	 3.189844e+00	 2.730104e+00	 2.902880e+00	-4.570777e-04	-6.259717e-04	-1.879685e-04	-7.179763e-04	-5.008528e-04	-6.068252e-03	-1.914153e-04	-4.283537e-05	 8.776910e-05	 4.153104e-02	 3.919891e-04	-2.370026e-07	 6.625714e-13	 1.111396e-05	-1.060125e-04	-3.919263e-04	-1.088792e-01	-4.903851e-02	-2.488475e-02	-3.082096e-03	-1.668667e-03	-8.037199e-04	
-7.382019e-06	 6.021721e-05	-2.810104e-04	 1.158499e-04	-5.224349e-04	 2.400209e-04	 1.457741e-03	 3.007712e-02	-1.053887e-02	-7.623579e-03	-1.441159e-02	-6.386849e-03	 2.837164e-02	-7.761324e-03	-3.659397e-04	 3.403744e-04	 5.959105e-02	 7.763361e-04	-5.835001e+00	 1.051160e-01	 2.552365e+00	-1.140305e+01	 3.391548e+00	 4.642884e+00	 5.449550e+00	-1.993004e+00	 1.525454e-01	 2.730104e+00	 1.083452e+01	 1.942624e+01	-2.602828e-04	-9.129175e-04	-3.315057e-03	-5.655045e-03	-1.587114e-03	-6.130269e-03	-4.931667e-06	 4.252728e-04	-1.597555e-05	 2.683669e-02	-3.786066e-04	-3.163236e-06	 2.525096e-13	-6.791626e-07	 1.177234e-04	 3.785385e-04	 5.789365e-03	-2.528744e-03	-3.343712e-03	-1.122010e-03	-7.104430e-04	-3.990773e-04	
 2.307286e-05	-1.597204e-05	 1.906453e-04	 3.191214e-03	 3.623387e-04	 1.144060e-03	 8.913392e-03	 8.125102e-02	-5.446958e-02	-2.092298e-02	 3.254057e-03	 1.376115e-02	 5.016947e-02	 1.651647e-02	 6.118388e-03	 9.539950e-03	-5.235451e-01	 1.166211e-03	-3.223974e+01	 1.200842e-01	 3.211286e+00	-2.416817e+01	 3.656008e+00	 6.959214e+00	 3.207533e+01	-2.008509e+00	 1.901206e-01	 2.902880e+00	 1.942624e+01	 5.294860e+01	 1.559628e-04	-2.200315e-03	 5.639661e-03	-1.236172e-02	-5.430854e-03	-1.057454e-03	 1.030812e-04	 9.657029e-04	 4.783714e-04	 1.111787e-01	 1.737869e-04	 9.811857e-06	 6.727758e-12	-2.074326e-05	 1.247793e-03	-1.737409e-04	 2.549710e-01	 1.140666e-01	 5.773576e-02	 7.165019e-03	 3.888380e-03	 1.878413e-03	
 1.045561e-07	-1.114923e-06	 5.578574e-06	 8.240635e-06	 4.491541e-06	 3.990591e-06	-9.083359e-05	-9.180122e-05	 5.710173e-05	 4.723530e-05	-9.089648e-05	-8.274158e-05	-2.471778e-04	-1.231591e-04	-6.489988e-06	 2.305547e-05	 1.848319e-04	-3.057539e-06	-2.298858e-03	-9.493040e-05	 1.973203e-03	-1.661148e-02	-8.013886e-03	 1.100793e-03	 4.678379e-03	-7.334370e-04	-1.012627e-04	-4.570777e-04	-2.602828e-04	 1.559628e-04	 1.463216e-03	 2.721711e-04	 3.911583e-05	-3.597805e-04	-1.040465e-04	-1.594963e-04	 8.623380e-08	 3.633505e-07	 1.075369e-06	 3.744743e-04	 7.529810e-06	 4.482872e-08	 1.730788e-14	 2.178116e-07	 8.421895e-07	-7.528481e-06	-5.156070e-04	-1.889060e-04	-7.818403e-05	-3.496188e-06	-9.810203e-07	 3.231242e-08	
-3.854072e-09	-3.360608e-07	 1.614566e-06	 6.972409e-06	 1.375951e-06	 4.149581e-06	-5.545201e-05	-6.730536e-05	-9.416702e-05	 7.285251e-09	-5.139283e-06	-2.158072e-05	-1.455410e-04	-5.172384e-05	-1.680368e-06	 4.238736e-05	-2.847668e-03	-2.390281e-05	 2.448669e-03	 1.207421e-04	-4.133522e-04	 1.705416e-02	 2.525561e-03	 3.383936e-03	-1.691126e-03	-6.591423e-05	-6.886334e-04	-6.259717e-04	-9.129175e-04	-2.200315e-03	 2.721711e-04	 8.538842e-04	-3.548812e-06	 7.277116e-04	 8.492328e-05	-8.599409e-04	-2.377439e-07	 2.843348e-07	-3.415981e-08	 4.212955e-04	 2.287369e-06	-1.641825e-09	 1.455810e-14	 1.409408e-07	 2.271903e-06	-2.286968e-06	 2.376719e-04	 1.135119e-04	 6.054618e-05	 8.663166e-06	 4.876081e-06	 2.452534e-06	
 3.470170e-08	-8.848502e-07	 3.610940e-06	 1.390509e-05	 2.021590e-06	 4.218744e-06	-6.941050e-05	-2.451736e-05	-1.046510e-04	-5.960030e-05	 3.154518e-04	 3.012349e-05	 2.802475e-04	 3.423651e-04	 2.746917e-05	 5.282602e-05	 5.110241e-03	-6.626620e-07	-1.183498e-02	-2.792022e-04	-9.027104e-04	-3.122932e-02	-8.463133e-03	-6.599712e-03	 1.620714e-02	 1.371285e-03	 1.563376e-03	-1.879685e-04	-3.315057e-03	 5.639661e-03	 3.911583e-05	-3.548812e-06	 7.190369e-03	-3.309622e-04	 6.582968e-04	 4.539530e-03	-7.423963e-08	-3.592710e-07	 3.795087e-06	 3.732939e-04	 5.073736e-06	 1.471485e-08	 2.915998e-14	 3.603736e-08	 3.076367e-06	-5.072869e-06	-6.377053e-05	-1.807042e-05	-4.327352e-06	 1.388182e-06	 1.064824e-06	 6.882512e-07	
-2.714111e-07	 1.664691e-06	-8.463915e-06	-1.391336e-05	-6.271346e-06	-5.514572e-06	 1.693632e-05	-9.651284e-05	 1.050365e-04	 1.197690e-04	-9.370179e-04	-1.942087e-04	-3.364415e-05	 1.629699e-04	-1.179088e-04	-1.443851e-04	-3.220292e-03	-2.867507e-05	 7.289835e-03	-1.399121e-05	-2.355333e-03	 3.143148e-02	 7.137213e-03	 1.884649e-03	-6.103585e-03	-1.847253e-04	-1.837985e-03	-7.179763e-04	-5.655045e-03	-1.236172e-02	-3.597805e-04	 7.277116e-04	-3.309622e-04	 2.882231e-03	 4.925335e-04	-1.270794e-03	-2.473032e-07	-5.440197e-07	-3.411772e-06	-4.506999e-04	-1.091672e-05	-1.157691e-07	-2.953787e-14	-4.235938e-08	-9.499103e-07	 1.091474e-05	 9.368831e-04	 3.605481e-04	 1.578453e-04	 1.077928e-05	 4.542969e-06	 1.472679e-06	
-4.979457e-07	 1.405787e-06	-1.012807e-05	-2.957146e-05	-4.828234e-06	-1.026550e-05	-1.850455e-04	-8.638372e-04	 1.801333e-03	 4.727572e-04	-8.037936e-04	-9.236434e-04	-1.671092e-04	-3.078154e-04	-3.558124e-04	-3.195102e-04	-8.686860e-03	-2.017429e-05	-8.982441e-03	 2.128312e-04	-2.768577e-03	 7.281659e-02	 1.119295e-02	 3.989071e-03	 1.757526e-02	 1.196754e-03	-4.593783e-03	-5.008528e-04	-1.587114e-03	-5.430854e-03	-1.040465e-04	 8.492328e-05	 6.582968e-04	 4.925335e-04	 6.500145e-03	 8.072757e-03	-6.882060e-07	-8.925885e-07	-5.541034e-06	-8.386354e-04	-1.130034e-05	-2.122664e-07	-6.312814e-14	-2.025877e-07	-6.984843e-06	 1.129800e-05	 1.802872e-04	 4.534080e-05	 7.614852e-06	-4.666555e-06	-3.379855e-06	-2.104324e-06	
-2.372945e-06	 1.156302e-05	-6.331361e-05	-1.646018e-04	-2.909975e-05	-9.932822e-05	 5.117189e-04	-4.029772e-03	 5.265136e-03	 1.395106e-03	 3.501224e-03	-3.489285e-05	-1.510092e-03	 6.040008e-04	-4.062429e-04	-8.571353e-04	 1.104323e-02	 1.004840e-04	-1.794065e-02	 1.623240e-05	-1.112431e-02	 1.066953e-01	 4.729609e-02	 1.413313e-02	 4.527343e-02	 2.714656e-03	-8.313314e-03	-6.068252e-03	-6.130269e-03	-1.057454e-03	-1.594963e-04	-8.599409e-04	 4.539530e-03	-1.270794e-03	 8.072757e-03	 7.188224e-02	-1.012183e-06	-6.377554e-07	 4.768435e-06	-9.234466e-03	-7.886107e-05	-1.011301e-06	-3.484191e-13	-3.613705e-07	-2.787958e-05	 7.884627e-05	 5.753894e-03	 2.337738e-03	 1.079088e-03	 9.488415e-05	 4.552645e-05	 1.868144e-05	
 2.999402e-09	-1.113757e-08	 8.610164e-08	 1.975497e-07	-1.131487e-08	 6.234309e-08	-6.606175e-07	 6.214725e-06	 3.936551e-06	 1.549269e-06	-1.565249e-05	-3.396317e-06	 4.727640e-06	-1.589825e-06	-1.871657e-06	-1.086060e-06	-1.832199e-05	 5.057968e-08	-2.260059e-04	 5.295919e-06	 1.351481e-04	 3.240975e-03	 1.460401e-05	 4.526899e-04	 4.551989e-04	-9.051366e-05	 1.962932e-04	-1.914153e-04	-4.931667e-06	 1.030812e-04	 8.623380e-08	-2.377439e-07	-7.423963e-08	-2.473032e-07	-6.882060e-07	-1.012183e-06	 3.762136e-07	 2.975593e-09	-2.075007e-08	 5.396769e-06	 9.882572e-08	 1.276710e-09	 4.159855e-16	 6.056790e-09	 3.323248e-08	-9.880553e-08	-1.584893e-05	-7.161667e-06	-3.640240e-06	-4.519083e-07	-2.446653e-07	-1.178196e-07	
-2.693434e-09	 2.021226e-08	-9.294555e-08	-2.162759e-07	-1.279685e-07	-9.951877e-08	-1.149036e-07	 1.766318e-06	 8.092338e-07	-9.855974e-08	-1.399885e-05	-3.388349e-06	 4.538493e-06	-3.765713e-06	-9.601787e-07	-1.256920e-06	 4.015859e-05	 4.538784e-07	 6.555500e-04	-2.480451e-07	-4.456856e-05	 3.574960e-04	 1.260748e-04	-3.640987e-04	-1.262004e-03	 3.521386e-05	 1.628018e-05	-4.283537e-05	 4.252728e-04	 9.657029e-04	 3.633505e-07	 2.843348e-07	-3.592710e-07	-5.440197e-07	-8.925885e-07	-6.377554e-07	 2.975593e-09	 3.827494e-07	-2.562372e-08	-9.001454e-06	-1.262919e-07	-1.148425e-09	-4.575346e-16	 6.285007e-10	-4.874848e-08	 1.262697e-07	-6.056328e-06	-3.753584e-06	-2.327881e-06	-4.380062e-07	-2.593948e-07	-1.372542e-07	
 1.655463e-08	-1.460840e-07	 5.855204e-07	 7.276804e-06	 2.571922e-07	-1.604599e-06	 1.010194e-05	 8.796617e-05	-2.103405e-05	-1.217063e-06	-5.921921e-05	 1.743689e-05	 2.336610e-05	-3.323937e-06	-8.861737e-06	-5.527540e-06	 6.772432e-04	-3.609521e-06	 7.988556e-04	-7.696143e-06	-6.159506e-06	 4.088044e-03	 4.831740e-04	 1.296141e-04	 8.766961e-04	 1.263112e-05	-1.985296e-05	 8.776910e-05	-1.597555e-05	 4.783714e-04	 1.075369e-06	-3.415981e-08	 3.795087e-06	-3.411772e-06	-5.541034e-06	 4.768435e-06	-2.075007e-08	-2.562372e-08	 5.433916e-06	-1.716048e-04	 8.506032e-07	 7.059338e-09	 1.528252e-14	-2.184389e-08	 2.466308e-06	-8.504603e-07	 3.365796e-04	 1.461143e-04	 7.230228e-05	 8.480517e-06	 4.539764e-06	 2.161356e-06	
 2.892484e-05	-3.669461e-04	 1.620062e-03	 9.323757e-03	 1.056389e-03	 5.276421e-03	-1.128478e-03	 1.769407e-04	-2.469693e-02	-9.441193e-03	 1.214134e-02	 5.286287e-03	 4.273619e-03	-1.479559e-02	 8.006722e-04	 3.791304e-03	 1.114558e-01	 7.515749e-04	-2.883494e-01	 3.685902e-03	 4.149322e-02	-1.096277e+00	-4.821053e-01	-1.100278e-01	 1.360168e-01	-1.075932e-01	 1.718971e-02	 4.153104e-02	 2.683669e-02	 1.111787e-01	 3.744743e-04	 4.212955e-04	 3.732939e-04	-4.506999e-04	-8.386354e-04	-9.234466e-03	 5.396769e-06	-9.001454e-06	-1.716048e-04	 5.290176e-01	 2.268439e-03	 1.232888e-05	 1.959261e-11	 2.130139e-05	 2.793280e-03	-2.268055e-03	 2.652260e-01	 1.209004e-01	 6.236895e-02	 8.261909e-03	 4.570164e-03	 2.257000e-03	
 7.121398e-07	-9.203020e-06	 4.143704e-05	 3.141079e-05	 2.117610e-05	 2.495740e-05	 2.086472e-05	 8.976773e-05	-6.449155e-05	 1.988659e-05	 6.526946e-05	 7.052658e-05	-9.317560e-06	 1.674833e-05	 2.234437e-05	 1.052509e-07	 1.165017e-03	 1.113548e-06	-2.479475e-03	 6.475885e-05	 1.899202e-04	-5.464155e-03	-6.511226e-03	-2.091658e-03	 3.160435e-04	-5.257124e-04	 1.011669e-04	 3.919891e-04	-3.786066e-04	 1.737869e-04	 7.529810e-06	 2.287369e-06	 5.073736e-06	-1.091672e-05	-1.130034e-05	-7.886107e-05	 9.882572e-08	-1.262919e-07	 8.506032e-07	 2.268439e-03	 5.770252e-05	 3.035237e-07	 6.598807e-14	 8.121459e-07	-1.331251e-05	-5.769268e-05	-1.011367e-02	-4.272766e-03	-2.054637e-03	-2.154122e-04	-1.109282e-04	-5.028292e-05	
 8.694254e-09	-4.275193e-08	 2.435806e-07	 2.397995e-07	 1.119901e-07	 1.454093e-07	 2.121282e-07	 1.620246e-06	-1.418220e-06	-3.407860e-07	 1.059729e-06	 7.579567e-07	 7.545565e-07	 3.960692e-07	 2.278138e-07	 2.156664e-07	-7.685826e-06	-3.628192e-08	-4.046059e-05	 9.281058e-07	 5.905974e-06	-1.262396e-04	-8.449051e-05	-1.870603e-05	 1.758203e-05	-1.401088e-05	 4.642371e-07	-2.370026e-07	-3.163236e-06	 9.811857e-06	 4.482872e-08	-1.641825e-09	 1.471485e-08	-1.157691e-07	-2.122664e-07	-1.011301e-06	 1.276710e-09	-1.148425e-09	 7.059338e-09	 1.232888e-05	 3.035237e-07	 3.705537e-09	 5.038143e-16	 4.600543e-09	-4.078181e-08	-3.034659e-07	-4.928847e-05	-2.069587e-05	-9.899643e-06	-1.020185e-06	-5.224263e-07	-2.351635e-07	
 1.182009e-15	-1.026678e-14	 4.891038e-14	 4.032077e-13	 3.040595e-14	 1.956274e-13	 5.020114e-15	 4.612377e-13	-1.100996e-12	-4.169419e-13	 2.252260e-13	 2.790737e-13	 3.525749e-13	-5.927815e-13	-2.041243e-14	 1.330864e-13	 5.855334e-12	 1.346744e-14	-1.164155e-11	 1.976529e-13	 1.858999e-12	-3.775124e-11	-1.620357e-11	 5.313453e-13	 1.620087e-11	-6.016512e-12	 5.639085e-14	 6.625714e-13	 2.525096e-13	 6.727758e-12	 1.730788e-14	 1.455810e-14	 2.915998e-14	-2.953787e-14	-6.312814e-14	-3.484191e-13	 4.159855e-16	-4.575346e-16	 1.528252e-14	 1.959261e-11	 6.598807e-14	 5.038143e-16	 8.475756e-22	 6.682744e-16	 1.346854e-13	-6.597648e-14	 1.758982e-11	 7.786029e-12	 3.915438e-12	 4.809596e-13	 2.606482e-13	 1.257816e-13	
 1.079280e-08	-8.684314e-08	 6.883377e-07	 3.180689e-07	 2.975194e-07	 2.445217e-07	 2.948865e-06	 8.967441e-06	 2.818545e-06	 6.893404e-07	-5.716761e-06	 1.706779e-06	 2.640353e-06	-2.085203e-06	-1.798133e-06	-3.806837e-06	-1.343150e-06	-5.364020e-08	 2.208583e-05	 8.817155e-07	-1.316326e-06	 1.280837e-04	-5.034035e-05	-3.096596e-05	-8.177112e-05	 1.678324e-05	 3.316050e-06	 1.111396e-05	-6.791626e-07	-2.074326e-05	 2.178116e-07	 1.409408e-07	 3.603736e-08	-4.235938e-08	-2.025877e-07	-3.613705e-07	 6.056790e-09	 6.285007e-10	-2.184389e-08	 2.130139e-05	 8.121459e-07	 4.600543e-09	 6.682744e-16	 8.553812e-08	-3.218986e-08	-8.119829e-07	-1.076138e-04	-4.448303e-05	-2.098876e-05	-2.063686e-06	-1.040120e-06	-4.585481e-07	
-9.572518e-08	 2.288270e-06	-9.008471e-06	 6.406450e-05	-1.355227e-06	 2.681338e-05	 7.244859e-07	 6.843548e-05	-1.771820e-04	-9.073253e-05	-2.824675e-05	 1.851738e-05	 7.468361e-05	-1.401823e-04	-2.510994e-05	 6.577889e-06	 3.488159e-04	 1.313979e-06	-1.778538e-03	 2.946734e-05	 4.263237e-04	-8.701843e-03	-1.198771e-03	 1.529484e-03	 3.897776e-03	-1.377326e-03	 3.299931e-05	-1.060125e-04	 1.177234e-04	 1.247793e-03	 8.421895e-07	 2.271903e-06	 3.076367e-06	-9.499103e-07	-6.984843e-06	-2.787958e-05	 3.323248e-08	-4.874848e-08	 2.466308e-06	 2.793280e-03	-1.331251e-05	-4.078181e-08	 1.346854e-13	-3.218986e-08	 3.347803e-05	 1.331037e-05	 8.665988e-03	 3.764939e-03	 1.858765e-03	 2.140440e-04	 1.136903e-04	 5.356624e-05	
-7.120043e-07	 9.201481e-06	-4.142987e-05	-3.140527e-05	-2.117249e-05	-2.495315e-05	-2.086004e-05	-8.974642e-05	 6.447898e-05	-1.988418e-05	-6.525827e-05	-7.051331e-05	 9.319152e-06	-1.674508e-05	-2.234098e-05	-1.058869e-07	-1.164862e-03	-1.113517e-06	 2.478992e-03	-6.474606e-05	-1.898773e-04	 5.463023e-03	 6.509989e-03	 2.091274e-03	-3.159749e-04	 5.256015e-04	-1.011483e-04	-3.919263e-04	 3.785385e-04	-1.737409e-04	-7.528481e-06	-2.286968e-06	-5.072869e-06	 1.091474e-05	 1.129800e-05	 7.884627e-05	-9.880553e-08	 1.262697e-07	-8.504603e-07	-2.268055e-03	-5.769268e-05	-3.034659e-07	-6.597648e-14	-8.119829e-07	 1.331037e-05	 5.768285e-05	 1.011197e-02	 4.272047e-03	 2.054291e-03	 2.153761e-04	 1.109096e-04	 5.027450e-05	
-1.156472e-04	 1.642532e-03	-7.167231e-03	 8.360551e-03	-1.685968e-03	 2.129765e-03	-2.053771e-03	 1.783301e-03	-2.550932e-02	-1.997388e-02	-3.352986e-02	-1.070378e-02	 1.287784e-02	-3.503084e-02	-1.152951e-02	-4.366298e-03	-2.430592e-01	-2.792316e-04	-4.671701e-01	 9.536033e-03	 1.455969e-01	-3.442667e+00	 2.246430e-03	 8.556392e-01	 1.346795e+00	-4.844167e-01	 3.514049e-02	-1.088792e-01	 5.789365e-03	 2.549710e-01	-5.156070e-04	 2.376719e-04	-6.377053e-05	 9.368831e-04	 1.802872e-04	 5.753894e-03	-1.584893e-05	-6.056328e-06	 3.365796e-04	 2.652260e-01	-1.011367e-02	-4.928847e-05	 1.758982e-11	-1.076138e-04	 8.665988e-03	 1.011197e-02	 3.320411e+00	 1.441293e+00	 7.103934e-01	 8.110635e-02	 4.294245e-02	 2.015181e-02	
-4.855930e-05	 6.947793e-04	-3.024928e-03	 3.700626e-03	-6.041208e-04	 9.873210e-04	-7.932284e-04	 1.100106e-03	-1.129022e-02	-8.667391e-03	-1.560692e-02	-4.778955e-03	 5.484786e-03	-1.552601e-02	-5.185943e-03	-2.236818e-03	-1.145087e-01	-1.449567e-04	-2.383083e-01	 5.098370e-03	 6.957077e-02	-1.668990e+00	-5.566133e-02	 3.843555e-01	 6.262178e-01	-2.303201e-01	 1.805276e-02	-4.903851e-02	-2.528744e-03	 1.140666e-01	-1.889060e-04	 1.135119e-04	-1.807042e-05	 3.605481e-04	 4.534080e-05	 2.337738e-03	-7.161667e-06	-3.753584e-06	 1.461143e-04	 1.209004e-01	-4.272766e-03	-2.069587e-05	 7.786029e-12	-4.448303e-05	 3.764939e-03	 4.272047e-03	 1.441293e+00	 6.267969e-01	 3.094329e-01	 3.550388e-02	 1.882562e-02	 8.850058e-03	
-2.322776e-05	 3.344464e-04	-1.453342e-03	 1.860928e-03	-2.436085e-04	 5.165792e-04	-3.500115e-04	 6.812661e-04	-5.673188e-03	-4.276492e-03	-8.123558e-03	-2.405094e-03	 2.662252e-03	-7.795180e-03	-2.630724e-03	-1.241974e-03	-5.999328e-02	-8.085937e-05	-1.324240e-01	 2.914933e-03	 3.696467e-02	-8.958020e-01	-5.129663e-02	 1.948013e-01	 3.262043e-01	-1.219496e-01	 1.006341e-02	-2.488475e-02	-3.343712e-03	 5.773576e-02	-7.818403e-05	 6.054618e-05	-4.327352e-06	 1.578453e-04	 7.614852e-06	 1.079088e-03	-3.640240e-06	-2.327881e-06	 7.230228e-05	 6.236895e-02	-2.054637e-03	-9.899643e-06	 3.915438e-12	-2.098876e-05	 1.858765e-03	 2.054291e-03	 7.103934e-01	 3.094329e-01	 1.529661e-01	 1.762488e-02	 9.357073e-03	 4.405376e-03	
-2.393666e-06	 3.518246e-05	-1.519457e-04	 2.285789e-04	-8.328036e-06	 7.115835e-05	-2.566150e-05	 1.282377e-04	-6.935281e-04	-4.920811e-04	-1.076035e-03	-2.895898e-04	 2.903970e-04	-9.441005e-04	-3.262722e-04	-1.896421e-04	-8.017021e-03	-1.236500e-05	-2.046271e-02	 4.753961e-04	 5.170041e-03	-1.282154e-01	-1.437278e-02	 2.411430e-02	 4.352595e-02	-1.692226e-02	 1.558944e-03	-3.082096e-03	-1.122010e-03	 7.165019e-03	-3.496188e-06	 8.663166e-06	 1.388182e-06	 1.077928e-05	-4.666555e-06	 9.488415e-05	-4.519083e-07	-4.380062e-07	 8.480517e-06	 8.261909e-03	-2.154122e-04	-1.020185e-06	 4.809596e-13	-2.063686e-06	 2.140440e-04	 2.153761e-04	 8.110635e-02	 3.550388e-02	 1.762488e-02	 2.057040e-03	 1.096218e-03	 5.184323e-04	
-1.225769e-06	 1.813701e-05	-7.817518e-05	 1.238732e-04	-1.304088e-06	 3.975543e-05	-1.134108e-05	 7.599984e-05	-3.751723e-04	-2.613606e-04	-5.927506e-04	-1.554249e-04	 1.517326e-04	-5.087346e-04	-1.767874e-04	-1.078081e-04	-4.419450e-03	-7.016981e-06	-1.168196e-02	 2.742425e-04	 2.887504e-03	-7.198162e-02	-8.959848e-03	 1.306144e-02	 2.404417e-02	-9.434441e-03	 8.898174e-04	-1.668667e-03	-7.104430e-04	 3.888380e-03	-9.810203e-07	 4.876081e-06	 1.064824e-06	 4.542969e-06	-3.379855e-06	 4.552645e-05	-2.446653e-07	-2.593948e-07	 4.539764e-06	 4.570164e-03	-1.109282e-04	-5.224263e-07	 2.606482e-13	-1.040120e-06	 1.136903e-04	 1.109096e-04	 4.294245e-02	 1.882562e-02	 9.357073e-03	 1.096218e-03	 5.848283e-04	 2.769416e-04	
-5.517624e-07	 8.232466e-06	-3.539615e-05	 5.977711e-05	 1.141529e-06	 1.984817e-05	-4.054695e-06	 4.023880e-05	-1.806211e-04	-1.231301e-04	-2.911526e-04	-7.409386e-05	 7.006375e-05	-2.437871e-04	-8.524039e-05	-5.475329e-05	-2.170573e-03	-3.556853e-06	-5.959756e-03	 1.413865e-04	 1.439600e-03	-3.608526e-02	-4.965192e-03	 6.294971e-03	 1.184723e-02	-4.694967e-03	 4.537730e-04	-8.037199e-04	-3.990773e-04	 1.878413e-03	 3.231242e-08	 2.452534e-06	 6.882512e-07	 1.472679e-06	-2.104324e-06	 1.868144e-05	-1.178196e-07	-1.372542e-07	 2.161356e-06	 2.257000e-03	-5.028292e-05	-2.351635e-07	 1.257816e-13	-4.585481e-07	 5.356624e-05	 5.027450e-05	 2.015181e-02	 8.850058e-03	 4.405376e-03	 5.184323e-04	 2.769416e-04	 1.313455e-04	
