#           sigma8,          omega_m,          omega_b,              n_s,  alphastar_icept,   betastar_icept, logepsilonstar_slope, logepsilonstar_icept,      logMc_slope,      logMc_icept,        sigma_MUV,                Q,                M,                h,          Omega_m,      sigma0p5_cb,        sigma1_cb,        sigma2_cb,        sigma3_cb,        sigma4_cb,        sigma8_cb
 1.533621e-02	 4.817336e-07	 1.269777e-06	-1.169783e-02	 1.483910e-02	 6.959103e-03	-7.453914e-02	-2.312436e-02	 2.602507e-02	 1.944079e-02	 1.517020e-03	 1.559430e-05	 3.317080e-05	 1.530481e-05	-8.982388e-06	 2.112806e-02	 2.499160e-02	 2.509973e-02	 2.382379e-02	 2.246246e-02	 1.541118e-02	
 4.817336e-07	 1.786282e-05	 2.344899e-07	 7.156579e-06	 1.159947e-05	 4.043306e-05	-3.111193e-04	-1.819706e-04	 1.976847e-04	 1.185451e-04	 2.029133e-05	-5.885460e-06	-1.565859e-04	-6.262780e-05	 9.266957e-05	 4.719998e-04	 3.379554e-04	 2.273652e-04	 1.734673e-04	 1.400211e-04	 2.468964e-07	
 1.269777e-06	 2.344899e-07	 1.295123e-07	-9.334436e-07	 2.171386e-06	 4.963806e-07	-6.344004e-06	-2.438517e-06	 5.120925e-06	 3.412508e-06	-1.353542e-06	-8.550514e-07	 2.387277e-06	 7.691288e-07	-1.652180e-07	 6.315200e-07	 9.822504e-07	 1.067368e-06	 1.029176e-06	 9.741463e-07	 1.269171e-06	
-1.169783e-02	 7.156579e-06	-9.334436e-07	 2.270715e-02	-1.357755e-02	-1.652609e-02	 1.480323e-02	 9.541176e-04	 5.088883e-02	 8.252706e-03	-3.392685e-03	-1.554471e-04	-8.911327e-05	-3.922019e-05	 4.578294e-05	 4.386488e-02	 1.726166e-02	 3.860836e-04	-5.726230e-03	-8.647027e-03	-1.175583e-02	
 1.483910e-02	 1.159947e-05	 2.171386e-06	-1.357755e-02	 2.032156e-02	 3.531161e-02	-8.120210e-02	-2.361493e-02	 2.602407e-03	 2.220272e-02	 1.123825e-02	 5.788155e-05	-3.565679e-05	-1.439627e-05	 4.045138e-05	 1.246780e-02	 1.940335e-02	 2.175359e-02	 2.145735e-02	 2.066089e-02	 1.491372e-02	
 6.959103e-03	 4.043306e-05	 4.963806e-07	-1.652609e-02	 3.531161e-02	 3.780459e-01	-2.001073e-01	-4.755125e-02	-2.553011e-01	 5.767523e-03	 1.259411e-01	 1.139293e-03	-3.190552e-04	-1.393315e-04	 2.166695e-04	-3.280985e-02	-1.431520e-02	-2.350679e-03	 2.105138e-03	 4.301708e-03	 6.997351e-03	
-7.453914e-02	-3.111193e-04	-6.344004e-06	 1.480323e-02	-8.120210e-02	-2.001073e-01	 6.944867e-01	 2.068566e-01	-1.343708e-01	-1.607697e-01	-9.194389e-02	 4.081649e-04	 2.655081e-03	 1.055206e-03	-1.604976e-03	-3.007934e-01	-2.425896e-01	-1.880313e-01	-1.584056e-01	-1.386232e-01	-7.490709e-02	
-2.312436e-02	-1.819706e-04	-2.438517e-06	 9.541176e-04	-2.361493e-02	-4.755125e-02	 2.068566e-01	 7.136122e-02	-9.086641e-02	-5.724821e-02	-2.665183e-02	 1.493009e-02	 1.595619e-03	 6.359919e-04	-9.464976e-04	-1.103711e-01	-8.577422e-02	-6.417096e-02	-5.298567e-02	-4.572306e-02	-2.323604e-02	
 2.602507e-02	 1.976847e-04	 5.120925e-06	 5.088883e-02	 2.602407e-03	-2.553011e-01	-1.343708e-01	-9.086641e-02	 7.373089e-01	 1.708296e-01	-9.051994e-02	-9.631289e-04	-1.667780e-03	-6.616549e-04	 9.921955e-04	 3.357273e-01	 2.251364e-01	 1.416028e-01	 1.039018e-01	 8.165253e-02	 2.614451e-02	
 1.944079e-02	 1.185451e-04	 3.412508e-06	 8.252706e-03	 2.220272e-02	 5.767523e-03	-1.607697e-01	-5.724821e-02	 1.708296e-01	 8.152915e-02	-2.770748e-03	 1.435104e-04	-9.730954e-04	-3.913495e-04	 5.964513e-04	 1.291430e-01	 9.409529e-02	 6.570559e-02	 5.198187e-02	 4.346249e-02	 1.953542e-02	
 1.517020e-03	 2.029133e-05	-1.353542e-06	-3.392685e-03	 1.123825e-02	 1.259411e-01	-9.194389e-02	-2.665183e-02	-9.051994e-02	-2.770748e-03	 7.790952e-02	-6.270451e-04	-2.179844e-04	-9.192155e-05	 1.228907e-04	-4.467897e-03	-1.509020e-03	 3.621554e-04	 1.029872e-03	 1.341110e-03	 1.524954e-03	
 1.559430e-05	-5.885460e-06	-8.550514e-07	-1.554471e-04	 5.788155e-05	 1.139293e-03	 4.081649e-04	 1.493009e-02	-9.631289e-04	 1.435104e-04	-6.270451e-04	 8.289278e-02	 1.371087e-05	 1.129405e-05	-2.180136e-05	-8.657688e-04	-4.742010e-04	-2.282644e-04	-1.354097e-04	-8.731726e-05	 1.703908e-05	
 3.317080e-05	-1.565859e-04	 2.387277e-06	-8.911327e-05	-3.565679e-05	-3.190552e-04	 2.655081e-03	 1.595619e-03	-1.667780e-03	-9.730954e-04	-2.179844e-04	 1.371087e-05	 1.547279e-03	 6.054009e-04	-8.602233e-04	-4.322767e-03	-3.083151e-03	-2.065292e-03	-1.571051e-03	-1.265047e-03	 3.528939e-05	
 1.530481e-05	-6.262780e-05	 7.691288e-07	-3.922019e-05	-1.439627e-05	-1.393315e-04	 1.055206e-03	 6.359919e-04	-6.616549e-04	-3.913495e-04	-9.192155e-05	 1.129405e-05	 6.054009e-04	 2.398512e-04	-3.419342e-04	-1.724806e-03	-1.227277e-03	-8.197666e-04	-6.223171e-04	-5.002457e-04	 1.616632e-05	
-8.982388e-06	 9.266957e-05	-1.652180e-07	 4.578294e-05	 4.045138e-05	 2.166695e-04	-1.604976e-03	-9.464976e-04	 9.921955e-04	 5.964513e-04	 1.228907e-04	-2.180136e-05	-8.602233e-04	-3.419342e-04	 4.964431e-04	 2.510307e-03	 1.793563e-03	 1.203768e-03	 9.169093e-04	 7.391267e-04	-1.021458e-05	
 2.112806e-02	 4.719998e-04	 6.315200e-07	 4.386488e-02	 1.246780e-02	-3.280985e-02	-3.007934e-01	-1.103711e-01	 3.357273e-01	 1.291430e-01	-4.467897e-03	-8.657688e-04	-4.322767e-03	-1.724806e-03	 2.510307e-03	 3.081657e-01	 2.047015e-01	 1.272757e-01	 9.261748e-02	 7.227886e-02	 2.122774e-02	
 2.499160e-02	 3.379554e-04	 9.822504e-07	 1.726166e-02	 1.940335e-02	-1.431520e-02	-2.425896e-01	-8.577422e-02	 2.251364e-01	 9.409529e-02	-1.509020e-03	-4.742010e-04	-3.083151e-03	-1.227277e-03	 1.793563e-03	 2.047015e-01	 1.448612e-01	 9.777584e-02	 7.561174e-02	 6.210534e-02	 2.511129e-02	
 2.509973e-02	 2.273652e-04	 1.067368e-06	 3.860836e-04	 2.175359e-02	-2.350679e-03	-1.880313e-01	-6.417096e-02	 1.416028e-01	 6.570559e-02	 3.621554e-04	-2.282644e-04	-2.065292e-03	-8.197666e-04	 1.203768e-03	 1.272757e-01	 9.777584e-02	 7.228371e-02	 5.925768e-02	 5.087018e-02	 2.522070e-02	
 2.382379e-02	 1.734673e-04	 1.029176e-06	-5.726230e-03	 2.145735e-02	 2.105138e-03	-1.584056e-01	-5.298567e-02	 1.039018e-01	 5.198187e-02	 1.029872e-03	-1.354097e-04	-1.571051e-03	-6.223171e-04	 9.169093e-04	 9.261748e-02	 7.561174e-02	 5.925768e-02	 5.021993e-02	 4.412517e-02	 2.393885e-02	
 2.246246e-02	 1.400211e-04	 9.741463e-07	-8.647027e-03	 2.066089e-02	 4.301708e-03	-1.386232e-01	-4.572306e-02	 8.165253e-02	 4.346249e-02	 1.341110e-03	-8.731726e-05	-1.265047e-03	-5.002457e-04	 7.391267e-04	 7.227886e-02	 6.210534e-02	 5.087018e-02	 4.412517e-02	 3.937600e-02	 2.257106e-02	
 1.541118e-02	 2.468964e-07	 1.269171e-06	-1.175583e-02	 1.491372e-02	 6.997351e-03	-7.490709e-02	-2.323604e-02	 2.614451e-02	 1.953542e-02	 1.524954e-03	 1.703908e-05	 3.528939e-05	 1.616632e-05	-1.021458e-05	 2.122774e-02	 2.511129e-02	 2.522070e-02	 2.393885e-02	 2.257106e-02	 1.548660e-02	
