#           sigma8,          omega_m,          omega_b,              n_s,     alphastar_z4,     alphastar_z5,     alphastar_z6,     alphastar_z7,     alphastar_z8,     alphastar_z9,    alphastar_z10,      betastar_z4,      betastar_z5,      betastar_z6,      betastar_z7,      betastar_z8,      betastar_z9,     betastar_z10, logepsilonstar_z4, logepsilonstar_z5, logepsilonstar_z6, logepsilonstar_z7, logepsilonstar_z8, logepsilonstar_z9, logepsilonstar_z10,         logMc_z4,         logMc_z5,         logMc_z6,         logMc_z7,         logMc_z8,         logMc_z9,        logMc_z10,        sigma_MUV,                Q,                M,                h,          Omega_m,      sigma0p5_cb,        sigma1_cb,        sigma2_cb,        sigma3_cb,        sigma4_cb,        sigma8_cb
 4.419853e-02	-2.143314e-05	 5.695853e-06	-1.338642e-02	 3.919716e-02	 4.908029e-02	 3.497921e-02	 3.973967e-02	 3.026731e-02	-8.018472e-03	-2.201346e-03	 4.460784e-03	 2.310893e-02	-8.748871e-03	-3.831174e-03	-1.556499e-02	-1.794576e-02	 2.934290e-04	-5.206902e-02	-6.594954e-02	-1.062666e-01	-1.183367e-01	-1.643914e-01	-1.394959e-01	-1.226649e-01	 6.005344e-02	 7.766211e-02	 4.715416e-02	 6.190633e-02	 4.047070e-02	-2.309137e-02	 4.624532e-02	 4.556165e-03	 1.222755e-03	 3.928280e-04	 1.474765e-04	-1.775022e-04	 1.575434e-01	 1.302615e-01	 1.034618e-01	 8.840461e-02	 7.814483e-02	 4.442499e-02	
-2.143314e-05	 1.723680e-05	 3.270953e-07	-1.142025e-06	-3.485660e-06	-1.903138e-05	-1.377712e-05	 7.811433e-06	 5.006423e-05	 1.872534e-05	 8.399633e-05	 1.313804e-05	-6.571559e-05	-7.581003e-05	-9.349729e-05	 9.953581e-05	 1.410665e-04	-9.353536e-05	-7.224253e-05	-7.011267e-05	-1.397168e-04	 5.204688e-05	-7.584824e-05	-1.147427e-04	-2.581389e-04	 4.783305e-05	 2.312122e-05	-4.761326e-05	 2.258571e-04	 6.850357e-05	-3.461545e-05	-1.624320e-04	-1.860798e-05	 1.514437e-05	-1.475852e-04	-5.911116e-05	 8.828856e-05	 2.773736e-04	 1.984808e-04	 1.323122e-04	 9.970304e-05	 7.936739e-05	-2.130976e-05	
 5.695853e-06	 3.270953e-07	 1.322636e-07	-4.604735e-06	 4.950507e-06	 4.460447e-06	 3.711365e-06	 8.342553e-06	 8.442199e-06	-5.113288e-06	 1.780350e-05	 4.724249e-06	 1.603486e-05	-2.119737e-06	 3.979160e-06	-9.468922e-07	-3.962206e-06	 1.271162e-05	-4.325565e-06	-4.462821e-06	-1.569093e-05	 2.974546e-06	-2.225606e-05	-9.938286e-06	-5.869620e-05	 2.564484e-06	 1.976895e-06	-1.283496e-05	 1.758318e-05	-6.934116e-06	 2.338595e-06	-2.797292e-06	 2.308048e-06	 6.439669e-07	 1.564903e-06	 4.638102e-07	 2.924577e-07	 5.838614e-06	 7.777878e-06	 8.226728e-06	 7.951965e-06	 7.571539e-06	 5.720004e-06	
-1.338642e-02	-1.142025e-06	-4.604735e-06	 2.678391e-02	-5.602103e-03	-1.266916e-02	-7.913095e-03	-1.226322e-02	-1.692527e-02	-8.158228e-03	-2.762931e-03	-2.523005e-03	-1.247735e-02	 4.453141e-03	-5.436872e-03	 5.618646e-03	 1.001497e-02	-3.958789e-03	-2.182072e-03	-1.645700e-03	 1.910959e-02	 1.684067e-02	 2.419045e-02	 1.603696e-02	 1.420407e-02	 1.574128e-02	 1.306533e-02	 5.947392e-02	 4.827808e-02	 3.361132e-02	 4.865190e-02	 3.475367e-02	-6.971008e-03	 1.474125e-03	-1.508405e-04	-5.335508e-05	 4.320547e-05	 5.517427e-02	 2.254319e-02	 1.817889e-03	-5.726014e-03	-9.358846e-03	-1.346371e-02	
 3.919716e-02	-3.485660e-06	 4.950507e-06	-5.602103e-03	 5.757196e-02	 4.783425e-02	 3.709385e-02	 3.864105e-02	 2.540891e-02	-3.729963e-04	-1.610079e-03	 3.316282e-02	 4.531383e-03	-2.623232e-03	-4.776264e-03	-1.538597e-02	-1.123855e-02	-2.150978e-03	-5.678849e-02	-6.594050e-02	-9.673090e-02	-1.132587e-01	-1.587999e-01	-1.356088e-01	-1.282204e-01	 8.830743e-02	 8.482849e-02	 8.228717e-02	 8.404398e-02	 5.248663e-02	 1.513232e-02	 5.319447e-02	-4.341806e-03	 1.624144e-03	 2.081144e-04	 7.486731e-05	-6.923670e-05	 1.764944e-01	 1.377184e-01	 1.036687e-01	 8.599848e-02	 7.449441e-02	 3.940764e-02	
 4.908029e-02	-1.903138e-05	 4.460447e-06	-1.266916e-02	 4.783425e-02	 9.252765e-02	 4.352487e-02	 4.583579e-02	 3.404422e-02	-9.673798e-03	 2.620813e-03	 4.114127e-03	 9.143278e-02	-3.705970e-03	-8.343900e-03	-1.627676e-02	-1.693608e-02	-5.462750e-04	-6.270628e-02	-7.716733e-02	-1.253641e-01	-1.408012e-01	-1.938503e-01	-1.657201e-01	-1.300616e-01	 7.632068e-02	 1.269766e-01	 6.855436e-02	 7.700247e-02	 4.935879e-02	-1.415343e-02	 6.290618e-02	 2.635537e-03	 1.925502e-03	 3.380200e-04	 1.221356e-04	-1.516381e-04	 1.928798e-01	 1.554924e-01	 1.207278e-01	 1.019051e-01	 8.934007e-02	 4.934561e-02	
 3.497921e-02	-1.377712e-05	 3.711365e-06	-7.913095e-03	 3.709385e-02	 4.352487e-02	 5.376981e-02	 3.271602e-02	 2.508244e-02	 6.861173e-03	 7.595154e-05	 5.531740e-03	 1.553201e-02	 4.679394e-02	-6.178340e-03	-1.769379e-02	-9.799855e-03	 3.125270e-03	-4.839342e-02	-5.942503e-02	-7.397816e-02	-1.116456e-01	-1.388924e-01	-1.257360e-01	-1.058391e-01	 5.904498e-02	 7.213367e-02	 1.332973e-01	 5.193832e-02	 4.505494e-02	 4.358915e-03	 4.389826e-02	 1.545398e-03	 2.011026e-03	 2.639809e-04	 9.799104e-05	-1.072973e-04	 1.460843e-01	 1.160456e-01	 8.886378e-02	 7.443400e-02	 6.491144e-02	 3.516611e-02	
 3.973967e-02	 7.811433e-06	 8.342553e-06	-1.226322e-02	 3.864105e-02	 4.583579e-02	 3.271602e-02	 7.506257e-02	 3.179815e-02	-2.364474e-03	-3.936400e-03	 1.027528e-02	 1.931486e-02	-8.444541e-03	 2.748773e-02	-1.307964e-02	-1.686430e-02	 2.279098e-04	-4.916495e-02	-6.138472e-02	-9.838903e-02	-7.414092e-02	-1.489627e-01	-1.372780e-01	-1.135040e-01	 5.863793e-02	 7.172158e-02	 4.716137e-02	 1.618710e-01	 4.820777e-02	-1.044631e-02	 4.223133e-02	 4.676591e-03	 1.071031e-03	 2.267786e-04	 7.624893e-05	-4.609001e-05	 1.442160e-01	 1.187212e-01	 9.392344e-02	 8.008240e-02	 7.068555e-02	 3.994878e-02	
 3.026731e-02	 5.006423e-05	 8.442199e-06	-1.692527e-02	 2.540891e-02	 3.404422e-02	 2.508244e-02	 3.179815e-02	 1.042738e-01	-3.840939e-03	 1.122105e-02	-8.637509e-03	 8.641620e-03	-1.569033e-02	 2.673269e-03	 5.625187e-02	 1.792182e-03	-1.027249e-03	-3.082911e-02	-3.792642e-02	-6.849206e-02	-7.428595e-02	-6.710388e-02	-9.038825e-02	-1.025867e-01	 3.270628e-02	 4.326420e-02	 1.112178e-02	 3.264583e-02	 2.048744e-01	-2.700215e-02	 4.405349e-02	 8.126267e-04	 1.377593e-03	-1.700695e-04	-8.051778e-05	 1.724587e-04	 7.689737e-02	 7.068024e-02	 6.107335e-02	 5.441110e-02	 4.940745e-02	 3.042976e-02	
-8.018472e-03	 1.872534e-05	-5.113288e-06	-8.158228e-03	-3.729963e-04	-9.673798e-03	 6.861173e-03	-2.364474e-03	-3.840939e-03	 4.588700e-01	 2.005545e-02	 1.605970e-03	-2.974054e-03	-1.598190e-03	 2.155050e-02	-3.122004e-02	 5.150053e-02	 6.731010e-03	 1.007297e-02	 1.475044e-02	 1.512949e-02	 1.491528e-02	 2.080161e-02	-4.710961e-02	-1.145583e-02	-9.060294e-03	-2.479985e-02	-1.656206e-04	-3.366604e-02	-3.524103e-02	 4.850460e-01	-8.110406e-02	-4.985977e-03	 7.323819e-04	-3.115945e-04	-1.195817e-04	 1.723840e-04	-5.968311e-02	-4.223158e-02	-2.856391e-02	-2.214704e-02	-1.824009e-02	-8.033211e-03	
-2.201346e-03	 8.399633e-05	 1.780350e-05	-2.762931e-03	-1.610079e-03	 2.620813e-03	 7.595154e-05	-3.936400e-03	 1.122105e-02	 2.005545e-02	 6.145897e-01	 8.345002e-03	 4.298973e-03	-1.833582e-02	 9.054827e-05	-3.975193e-03	 2.227788e-03	 1.772223e-02	 5.571341e-03	 8.678256e-03	 1.500114e-02	 2.028602e-03	 2.466275e-02	-7.068584e-03	-4.001992e-01	-1.127306e-03	-1.786429e-03	 1.025379e-02	-2.641929e-02	 3.454453e-02	 1.973720e-02	 2.312627e-01	-3.352030e-03	 7.649336e-03	-1.159392e-04	-7.007426e-05	 2.741746e-04	-1.847556e-02	-1.239305e-02	-7.985080e-03	-6.042343e-03	-4.904026e-03	-2.180970e-03	
 4.460784e-03	 1.313804e-05	 4.724249e-06	-2.523005e-03	 3.316282e-02	 4.114127e-03	 5.531740e-03	 1.027528e-02	-8.637509e-03	 1.605970e-03	 8.345002e-03	 5.142905e-01	 7.512277e-02	 1.415886e-02	-1.674784e-02	-1.189031e-02	-2.870863e-02	 3.145033e-03	-1.789112e-02	-2.216698e-02	-6.487844e-02	-1.894521e-02	-7.519589e-02	-6.246712e-02	-7.591044e-02	 5.766719e-02	-2.521337e-03	-6.333870e-02	 2.225027e-02	-5.955528e-02	-2.874987e-02	-7.890415e-03	 5.318622e-02	-5.926252e-04	 2.337218e-05	 9.569942e-06	 1.239181e-05	 1.757838e-02	 1.421280e-02	 1.105059e-02	 9.327939e-03	 8.174771e-03	 4.493123e-03	
 2.310893e-02	-6.571559e-05	 1.603486e-05	-1.247735e-02	 4.531383e-03	 9.143278e-02	 1.553201e-02	 1.931486e-02	 8.641620e-03	-2.974054e-03	 4.298973e-03	 7.512277e-02	 6.505489e-01	 1.542701e-02	-1.603100e-03	-2.494468e-02	 1.286508e-02	 3.242408e-02	-3.909111e-02	-3.854076e-02	-1.267665e-01	-8.639030e-02	-1.607410e-01	-1.539186e-01	-6.644856e-02	-1.071226e-02	 1.123421e-01	-9.415016e-02	-7.343680e-03	-8.231514e-02	-1.049684e-01	 2.902422e-03	 7.732199e-02	 5.438048e-03	 1.144164e-03	 4.322127e-04	-5.441400e-04	 5.175708e-02	 4.921238e-02	 4.363160e-02	 3.936771e-02	 3.604307e-02	 2.324425e-02	
-8.748871e-03	-7.581003e-05	-2.119737e-06	 4.453141e-03	-2.623232e-03	-3.705970e-03	 4.679394e-02	-8.444541e-03	-1.569033e-02	-1.598190e-03	-1.833582e-02	 1.415886e-02	 1.542701e-02	 7.733531e-01	-1.245421e-02	-9.001931e-03	 1.971685e-02	 4.300116e-02	-1.141962e-03	 2.774027e-03	 2.067355e-02	 9.882667e-03	 2.356745e-02	-1.657885e-02	 5.620236e-02	-2.878585e-03	-7.149495e-03	 1.532803e-01	 8.433241e-03	-6.391307e-03	-1.182555e-02	 1.633104e-02	 1.006728e-02	 2.297818e-03	 6.904059e-04	 2.558724e-04	-3.743473e-04	-2.380933e-02	-2.147739e-02	-1.830968e-02	-1.621077e-02	-1.466294e-02	-8.799032e-03	
-3.831174e-03	-9.349729e-05	 3.979160e-06	-5.436872e-03	-4.776264e-03	-8.343900e-03	-6.178340e-03	 2.748773e-02	 2.673269e-03	 2.155050e-02	 9.054827e-05	-1.674784e-02	-1.603100e-03	-1.245421e-02	 7.231280e-01	-9.203187e-03	 1.385510e-03	 1.097239e-02	 1.045658e-02	 1.169992e-02	 3.228162e-02	 1.004442e-02	 3.360035e-02	 1.842003e-02	-3.363310e-03	-1.060649e-02	-1.893974e-02	-1.074305e-02	 1.789344e-02	-3.004115e-03	 4.147514e-02	-1.546288e-03	-3.125121e-03	-1.783886e-03	 1.058365e-03	 4.028147e-04	-5.256177e-04	-5.625696e-02	-3.738017e-02	-2.329364e-02	-1.699479e-02	-1.329824e-02	-3.868489e-03	
-1.556499e-02	 9.953581e-05	-9.468922e-07	 5.618646e-03	-1.538597e-02	-1.627676e-02	-1.769379e-02	-1.307964e-02	 5.625187e-02	-3.122004e-02	-3.975193e-03	-1.189031e-02	-2.494468e-02	-9.001931e-03	-9.203187e-03	 7.983766e-01	-5.037525e-03	-1.012366e-02	 1.828910e-02	 2.527255e-02	 4.312306e-02	 5.599997e-02	 1.080291e-01	 6.696887e-02	 1.675957e-02	-2.225109e-02	-2.675625e-02	-2.364476e-02	-9.750725e-03	 2.058443e-01	-4.258437e-02	 1.458461e-02	-3.788950e-03	 5.553704e-03	-1.002767e-03	-3.856353e-04	 5.291185e-04	-5.480630e-02	-4.514295e-02	-3.582739e-02	-3.063865e-02	-2.711337e-02	-1.565064e-02	
-1.794576e-02	 1.410665e-04	-3.962206e-06	 1.001497e-02	-1.123855e-02	-1.693608e-02	-9.799855e-03	-1.686430e-02	 1.792182e-03	 5.150053e-02	 2.227788e-03	-2.870863e-02	 1.286508e-02	 1.971685e-02	 1.385510e-03	-5.037525e-03	 8.112016e-01	 5.545283e-04	 1.142382e-02	 1.870372e-02	 3.851007e-02	 3.475665e-02	 7.644705e-02	 1.057665e-01	 5.126925e-02	-1.218348e-02	-1.602843e-02	 1.534402e-02	-1.608410e-03	 2.504727e-02	 3.260025e-01	-4.503654e-02	-9.615036e-03	-6.323395e-03	-1.333087e-03	-5.681588e-04	 7.939205e-04	-3.920883e-02	-3.757231e-02	-3.345620e-02	-3.023307e-02	-2.770103e-02	-1.803826e-02	
 2.934290e-04	-9.353536e-05	 1.271162e-05	-3.958789e-03	-2.150978e-03	-5.462750e-04	 3.125270e-03	 2.279098e-04	-1.027249e-03	 6.731010e-03	 1.772223e-02	 3.145033e-03	 3.242408e-02	 4.300116e-02	 1.097239e-02	-1.012366e-02	 5.545283e-04	 7.672127e-01	-3.240101e-03	-4.955026e-03	-2.083187e-02	-2.011052e-02	-1.637108e-02	-3.091505e-02	 3.543520e-03	-1.030612e-02	-1.658876e-03	-2.920331e-02	-2.825213e-02	-1.083449e-02	 2.929204e-02	 2.637514e-02	 9.272585e-03	-4.290978e-03	 1.291741e-03	 4.996373e-04	-6.411929e-04	-2.414500e-02	-1.470166e-02	-7.995342e-03	-5.156485e-03	-3.563863e-03	 3.241016e-04	
-5.206902e-02	-7.224253e-05	-4.325565e-06	-2.182072e-03	-5.678849e-02	-6.270628e-02	-4.839342e-02	-4.916495e-02	-3.082911e-02	 1.007297e-02	 5.571341e-03	-1.789112e-02	-3.909111e-02	-1.141962e-03	 1.045658e-02	 1.828910e-02	 1.142382e-02	-3.240101e-03	 9.369732e-02	 1.111774e-01	 1.624944e-01	 1.831538e-01	 2.437048e-01	 2.269378e-01	 2.017252e-01	-1.037587e-01	-1.254074e-01	-1.150372e-01	-1.293071e-01	-9.111689e-02	-1.265648e-02	-7.416338e-02	-1.436086e-02	 1.232486e-02	 5.070800e-04	 2.114002e-04	-3.416902e-04	-2.725439e-01	-2.062481e-01	-1.504496e-01	-1.224844e-01	-1.046769e-01	-5.234670e-02	
-6.594954e-02	-7.011267e-05	-4.462821e-06	-1.645700e-03	-6.594050e-02	-7.716733e-02	-5.942503e-02	-6.138472e-02	-3.792642e-02	 1.475044e-02	 8.678256e-03	-2.216698e-02	-3.854076e-02	 2.774027e-03	 1.169992e-02	 2.527255e-02	 1.870372e-02	-4.955026e-03	 1.111774e-01	 1.400977e-01	 1.990826e-01	 2.260575e-01	 3.013685e-01	 2.773936e-01	 2.501834e-01	-1.239530e-01	-1.535669e-01	-1.404395e-01	-1.576052e-01	-1.084743e-01	-1.344749e-02	-9.001078e-02	-1.745384e-02	 1.187584e-02	 4.853644e-04	 2.031531e-04	-3.288393e-04	-3.376197e-01	-2.566139e-01	-1.880437e-01	-1.535124e-01	-1.314557e-01	-6.629529e-02	
-1.062666e-01	-1.397168e-04	-1.569093e-05	 1.910959e-02	-9.673090e-02	-1.253641e-01	-7.397816e-02	-9.838903e-02	-6.849206e-02	 1.512949e-02	 1.500114e-02	-6.487844e-02	-1.267665e-01	 2.067355e-02	 3.228162e-02	 4.312306e-02	 3.851007e-02	-2.083187e-02	 1.624944e-01	 1.990826e-01	 4.824245e-01	 3.529995e-01	 4.837370e-01	 4.146277e-01	 3.821883e-01	-1.583597e-01	-2.114300e-01	 1.551556e-01	-1.766978e-01	-1.042620e-01	 1.743081e-02	-8.703536e-02	-5.031080e-02	 1.183561e-02	 7.368649e-04	 3.182964e-04	-5.766225e-04	-4.523366e-01	-3.585545e-01	-2.737656e-01	-2.288380e-01	-1.992390e-01	-1.069006e-01	
-1.183367e-01	 5.204688e-05	 2.974546e-06	 1.684067e-02	-1.132587e-01	-1.408012e-01	-1.116456e-01	-7.414092e-02	-7.428595e-02	 1.491528e-02	 2.028602e-03	-1.894521e-02	-8.639030e-02	 9.882667e-03	 1.004442e-02	 5.599997e-02	 3.475665e-02	-2.011052e-02	 1.831538e-01	 2.260575e-01	 3.529995e-01	 6.409959e-01	 5.379351e-01	 4.451366e-01	 3.979072e-01	-1.936747e-01	-2.508467e-01	-1.930239e-01	 1.613464e-01	-1.362667e-01	-2.081316e-02	-1.603285e-01	-2.883644e-02	 1.486243e-02	-3.442387e-04	-1.391081e-04	 2.407748e-04	-5.271222e-01	-4.128093e-01	-3.117054e-01	-2.589758e-01	-2.245527e-01	-1.190147e-01	
-1.643914e-01	-7.584824e-05	-2.225606e-05	 2.419045e-02	-1.587999e-01	-1.938503e-01	-1.388924e-01	-1.489627e-01	-6.710388e-02	 2.080161e-02	 2.466275e-02	-7.519589e-02	-1.607410e-01	 2.356745e-02	 3.360035e-02	 1.080291e-01	 7.644705e-02	-1.637108e-02	 2.437048e-01	 3.013685e-01	 4.837370e-01	 5.379351e-01	 1.204978e+00	 6.261163e-01	 5.197714e-01	-2.636750e-01	-3.404386e-01	-2.296087e-01	-2.818241e-01	 5.651810e-01	 3.588200e-02	-1.577758e-01	-5.547251e-02	-6.016577e-04	-1.164375e-04	 1.135688e-05	-1.677096e-04	-7.172011e-01	-5.641893e-01	-4.279209e-01	-3.564650e-01	-3.096604e-01	-1.652993e-01	
-1.394959e-01	-1.147427e-04	-9.938286e-06	 1.603696e-02	-1.356088e-01	-1.657201e-01	-1.257360e-01	-1.372780e-01	-9.038825e-02	-4.710961e-02	-7.068584e-03	-6.246712e-02	-1.539186e-01	-1.657885e-02	 1.842003e-02	 6.696887e-02	 1.057665e-01	-3.091505e-02	 2.269378e-01	 2.773936e-01	 4.146277e-01	 4.451366e-01	 6.261163e-01	 1.362613e+00	 5.771224e-01	-2.290160e-01	-2.962329e-01	-2.361967e-01	-3.132981e-01	-2.061528e-01	 7.466046e-01	-1.016375e-01	-6.182289e-02	 1.149473e-02	 6.974479e-04	 2.885703e-04	-5.214248e-04	-6.248989e-01	-4.889001e-01	-3.687935e-01	-3.062261e-01	-2.654102e-01	-1.402622e-01	
-1.226649e-01	-2.581389e-04	-5.869620e-05	 1.420407e-02	-1.282204e-01	-1.300616e-01	-1.058391e-01	-1.135040e-01	-1.025867e-01	-1.145583e-02	-4.001992e-01	-7.591044e-02	-6.644856e-02	 5.620236e-02	-3.363310e-03	 1.675957e-02	 5.126925e-02	 3.543520e-03	 2.017252e-01	 2.501834e-01	 3.821883e-01	 3.979072e-01	 5.197714e-01	 5.771224e-01	 3.164926e+00	-2.149183e-01	-2.529063e-01	-1.984608e-01	-2.747706e-01	-3.005787e-01	-3.121926e-02	 1.369586e+00	-4.320104e-02	-6.785399e-03	 4.847265e-04	 2.155542e-04	-7.424481e-04	-5.576592e-01	-4.354065e-01	-3.275857e-01	-2.715206e-01	-2.350011e-01	-1.233565e-01	
 6.005344e-02	 4.783305e-05	 2.564484e-06	 1.574128e-02	 8.830743e-02	 7.632068e-02	 5.904498e-02	 5.863793e-02	 3.270628e-02	-9.060294e-03	-1.127306e-03	 5.766719e-02	-1.071226e-02	-2.878585e-03	-1.060649e-02	-2.225109e-02	-1.218348e-02	-1.030612e-02	-1.037587e-01	-1.239530e-01	-1.583597e-01	-1.936747e-01	-2.636750e-01	-2.290160e-01	-2.149183e-01	 1.781095e-01	 1.746711e-01	 2.138641e-01	 2.056280e-01	 1.435441e-01	 8.757751e-02	 1.416196e-01	-2.076973e-02	 3.923026e-03	-3.550163e-04	-1.457883e-04	 2.280009e-04	 3.757386e-01	 2.747413e-01	 1.931362e-01	 1.536652e-01	 1.291170e-01	 6.036483e-02	
 7.766211e-02	 2.312122e-05	 1.976895e-06	 1.306533e-02	 8.482849e-02	 1.269766e-01	 7.213367e-02	 7.172158e-02	 4.326420e-02	-2.479985e-02	-1.786429e-03	-2.521337e-03	 1.123421e-01	-7.149495e-03	-1.893974e-02	-2.675625e-02	-1.602843e-02	-1.658876e-03	-1.254074e-01	-1.535669e-01	-2.114300e-01	-2.508467e-01	-3.404386e-01	-2.962329e-01	-2.529063e-01	 1.746711e-01	 2.479565e-01	 2.283467e-01	 2.248606e-01	 1.560594e-01	 5.743089e-02	 1.661970e-01	-1.125383e-02	 5.563258e-03	-1.469300e-04	-6.713585e-05	 9.844306e-05	 4.463580e-01	 3.314024e-01	 2.369098e-01	 1.905027e-01	 1.613422e-01	 7.806260e-02	
 4.715416e-02	-4.761326e-05	-1.283496e-05	 5.947392e-02	 8.228717e-02	 6.855436e-02	 1.332973e-01	 4.716137e-02	 1.112178e-02	-1.656206e-04	 1.025379e-02	-6.333870e-02	-9.415016e-02	 1.532803e-01	-1.074305e-02	-2.364476e-02	 1.534402e-02	-2.920331e-02	-1.150372e-01	-1.404395e-01	 1.551556e-01	-1.930239e-01	-2.296087e-01	-2.361967e-01	-1.984608e-01	 2.138641e-01	 2.283467e-01	 1.060622e+00	 3.045442e-01	 2.391617e-01	 1.531599e-01	 2.446100e-01	-6.384044e-02	 1.115050e-02	 1.830994e-05	 1.630786e-05	-9.472907e-05	 5.125975e-01	 3.463275e-01	 2.212160e-01	 1.647144e-01	 1.312726e-01	 4.731567e-02	
 6.190633e-02	 2.258571e-04	 1.758318e-05	 4.827808e-02	 8.404398e-02	 7.700247e-02	 5.193832e-02	 1.618710e-01	 3.264583e-02	-3.366604e-02	-2.641929e-02	 2.225027e-02	-7.343680e-03	 8.433241e-03	 1.789344e-02	-9.750725e-03	-1.608410e-03	-2.825213e-02	-1.293071e-01	-1.576052e-01	-1.766978e-01	 1.613464e-01	-2.818241e-01	-3.132981e-01	-2.747706e-01	 2.056280e-01	 2.248606e-01	 3.045442e-01	 1.051135e+00	 2.504614e-01	 8.942755e-02	 1.662710e-01	-1.648164e-02	 7.714606e-03	-1.387719e-03	-5.948585e-04	 1.020960e-03	 5.108980e-01	 3.581674e-01	 2.395149e-01	 1.842426e-01	 1.507801e-01	 6.215474e-02	
 4.047070e-02	 6.850357e-05	-6.934116e-06	 3.361132e-02	 5.248663e-02	 4.935879e-02	 4.505494e-02	 4.820777e-02	 2.048744e-01	-3.524103e-02	 3.454453e-02	-5.955528e-02	-8.231514e-02	-6.391307e-03	-3.004115e-03	 2.058443e-01	 2.504727e-02	-1.083449e-02	-9.111689e-02	-1.084743e-01	-1.042620e-01	-1.362667e-01	 5.651810e-01	-2.061528e-01	-3.005787e-01	 1.435441e-01	 1.560594e-01	 2.391617e-01	 2.504614e-01	 1.834222e+00	 7.062591e-02	 1.900796e-01	-4.139710e-02	-7.368222e-03	-9.353799e-04	-3.306822e-04	 4.431134e-04	 3.514723e-01	 2.450462e-01	 1.626437e-01	 1.244040e-01	 1.013251e-01	 4.063697e-02	
-2.309137e-02	-3.461545e-05	 2.338595e-06	 4.865190e-02	 1.513232e-02	-1.415343e-02	 4.358915e-03	-1.044631e-02	-2.700215e-02	 4.850460e-01	 1.973720e-02	-2.874987e-02	-1.049684e-01	-1.182555e-02	 4.147514e-02	-4.258437e-02	 3.260025e-01	 2.929204e-02	-1.265648e-02	-1.344749e-02	 1.743081e-02	-2.081316e-02	 3.588200e-02	 7.466046e-01	-3.121926e-02	 8.757751e-02	 5.743089e-02	 1.531599e-01	 8.942755e-02	 7.062591e-02	 2.710496e+00	-1.990228e-03	-6.588416e-02	-1.434506e-02	 6.410146e-04	 1.720989e-04	-1.775685e-04	 1.223764e-01	 5.546819e-02	 1.217405e-02	-4.026674e-03	-1.207790e-02	-2.321984e-02	
 4.624532e-02	-1.624320e-04	-2.797292e-06	 3.475367e-02	 5.319447e-02	 6.290618e-02	 4.389826e-02	 4.223133e-02	 4.405349e-02	-8.110406e-02	 2.312627e-01	-7.890415e-03	 2.902422e-03	 1.633104e-02	-1.546288e-03	 1.458461e-02	-4.503654e-02	 2.637514e-02	-7.416338e-02	-9.001078e-02	-8.703536e-02	-1.603285e-01	-1.577758e-01	-1.016375e-01	 1.369586e+00	 1.416196e-01	 1.661970e-01	 2.446100e-01	 1.662710e-01	 1.900796e-01	-1.990228e-03	 2.960445e+00	-3.370735e-02	 8.516109e-03	 1.565105e-03	 5.575506e-04	-8.439323e-04	 3.814515e-01	 2.660117e-01	 1.771067e-01	 1.359660e-01	 1.111549e-01	 4.644272e-02	
 4.556165e-03	-1.860798e-05	 2.308048e-06	-6.971008e-03	-4.341806e-03	 2.635537e-03	 1.545398e-03	 4.676591e-03	 8.126267e-04	-4.985977e-03	-3.352030e-03	 5.318622e-02	 7.732199e-02	 1.006728e-02	-3.125121e-03	-3.788950e-03	-9.615036e-03	 9.272585e-03	-1.436086e-02	-1.745384e-02	-5.031080e-02	-2.883644e-02	-5.547251e-02	-6.182289e-02	-4.320104e-02	-2.076973e-02	-1.125383e-02	-6.384044e-02	-1.648164e-02	-4.139710e-02	-6.588416e-02	-3.370735e-02	 5.027782e-02	-4.234892e-04	 2.528956e-04	 9.622844e-05	-1.257141e-04	-1.075925e-02	-2.870495e-03	 1.912496e-03	 3.528553e-03	 4.236571e-03	 4.583161e-03	
 1.222755e-03	 1.514437e-05	 6.439669e-07	 1.474125e-03	 1.624144e-03	 1.925502e-03	 2.011026e-03	 1.071031e-03	 1.377593e-03	 7.323819e-04	 7.649336e-03	-5.926252e-04	 5.438048e-03	 2.297818e-03	-1.783886e-03	 5.553704e-03	-6.323395e-03	-4.290978e-03	 1.232486e-02	 1.187584e-02	 1.183561e-02	 1.486243e-02	-6.016577e-04	 1.149473e-02	-6.785399e-03	 3.923026e-03	 5.563258e-03	 1.115050e-02	 7.714606e-03	-7.368222e-03	-1.434506e-02	 8.516109e-03	-4.234892e-04	 8.308754e-02	-1.410885e-04	-5.124005e-05	 7.061513e-05	 1.375327e-02	 9.245752e-03	 5.885097e-03	 4.377473e-03	 3.488352e-03	 1.224886e-03	
 3.928280e-04	-1.475852e-04	 1.564903e-06	-1.508405e-04	 2.081144e-04	 3.380200e-04	 2.639809e-04	 2.267786e-04	-1.700695e-04	-3.115945e-04	-1.159392e-04	 2.337218e-05	 1.144164e-03	 6.904059e-04	 1.058365e-03	-1.002767e-03	-1.333087e-03	 1.291741e-03	 5.070800e-04	 4.853644e-04	 7.368649e-04	-3.442387e-04	-1.164375e-04	 6.974479e-04	 4.847265e-04	-3.550163e-04	-1.469300e-04	 1.830994e-05	-1.387719e-03	-9.353799e-04	 6.410146e-04	 1.565105e-03	 2.528956e-04	-1.410885e-04	 1.433239e-03	 5.614960e-04	-8.032048e-04	-2.352648e-03	-1.561656e-03	-9.375865e-04	-6.467060e-04	-4.723692e-04	 3.925744e-04	
 1.474765e-04	-5.911116e-05	 4.638102e-07	-5.335508e-05	 7.486731e-05	 1.221356e-04	 9.799104e-05	 7.624893e-05	-8.051778e-05	-1.195817e-04	-7.007426e-05	 9.569942e-06	 4.322127e-04	 2.558724e-04	 4.028147e-04	-3.856353e-04	-5.681588e-04	 4.996373e-04	 2.114002e-04	 2.031531e-04	 3.182964e-04	-1.391081e-04	 1.135688e-05	 2.885703e-04	 2.155542e-04	-1.457883e-04	-6.713585e-05	 1.630786e-05	-5.948585e-04	-3.306822e-04	 1.720989e-04	 5.575506e-04	 9.622844e-05	-5.124005e-05	 5.614960e-04	 2.228702e-04	-3.198596e-04	-9.508953e-04	-6.366427e-04	-3.874286e-04	-2.706564e-04	-2.003826e-04	 1.473137e-04	
-1.775022e-04	 8.828856e-05	 2.924577e-07	 4.320547e-05	-6.923670e-05	-1.516381e-04	-1.072973e-04	-4.609001e-05	 1.724587e-04	 1.723840e-04	 2.741746e-04	 1.239181e-05	-5.441400e-04	-3.743473e-04	-5.256177e-04	 5.291185e-04	 7.939205e-04	-6.411929e-04	-3.416902e-04	-3.288393e-04	-5.766225e-04	 2.407748e-04	-1.677096e-04	-5.214248e-04	-7.424481e-04	 2.280009e-04	 9.844306e-05	-9.472907e-05	 1.020960e-03	 4.431134e-04	-1.775685e-04	-8.439323e-04	-1.257141e-04	 7.061513e-05	-8.032048e-04	-3.198596e-04	 4.679048e-04	 1.413031e-03	 9.709621e-04	 6.134410e-04	 4.428050e-04	 3.387295e-04	-1.771091e-04	
 1.575434e-01	 2.773736e-04	 5.838614e-06	 5.517427e-02	 1.764944e-01	 1.928798e-01	 1.460843e-01	 1.442160e-01	 7.689737e-02	-5.968311e-02	-1.847556e-02	 1.757838e-02	 5.175708e-02	-2.380933e-02	-5.625696e-02	-5.480630e-02	-3.920883e-02	-2.414500e-02	-2.725439e-01	-3.376197e-01	-4.523366e-01	-5.271222e-01	-7.172011e-01	-6.248989e-01	-5.576592e-01	 3.757386e-01	 4.463580e-01	 5.125975e-01	 5.108980e-01	 3.514723e-01	 1.223764e-01	 3.814515e-01	-1.075925e-02	 1.375327e-02	-2.352648e-03	-9.508953e-04	 1.413031e-03	 1.073185e+00	 7.737064e-01	 5.352832e-01	 4.215062e-01	 3.513990e-01	 1.583534e-01	
 1.302615e-01	 1.984808e-04	 7.777878e-06	 2.254319e-02	 1.377184e-01	 1.554924e-01	 1.160456e-01	 1.187212e-01	 7.068024e-02	-4.223158e-02	-1.239305e-02	 1.421280e-02	 4.921238e-02	-2.147739e-02	-3.738017e-02	-4.514295e-02	-3.757231e-02	-1.470166e-02	-2.062481e-01	-2.566139e-01	-3.585545e-01	-4.128093e-01	-5.641893e-01	-4.889001e-01	-4.354065e-01	 2.747413e-01	 3.314024e-01	 3.463275e-01	 3.581674e-01	 2.450462e-01	 5.546819e-02	 2.660117e-01	-2.870495e-03	 9.245752e-03	-1.561656e-03	-6.366427e-04	 9.709621e-04	 7.737064e-01	 5.712613e-01	 4.059354e-01	 3.251972e-01	 2.746536e-01	 1.309322e-01	
 1.034618e-01	 1.323122e-04	 8.226728e-06	 1.817889e-03	 1.036687e-01	 1.207278e-01	 8.886378e-02	 9.392344e-02	 6.107335e-02	-2.856391e-02	-7.985080e-03	 1.105059e-02	 4.363160e-02	-1.830968e-02	-2.329364e-02	-3.582739e-02	-3.345620e-02	-7.995342e-03	-1.504496e-01	-1.880437e-01	-2.737656e-01	-3.117054e-01	-4.279209e-01	-3.687935e-01	-3.275857e-01	 1.931362e-01	 2.369098e-01	 2.212160e-01	 2.395149e-01	 1.626437e-01	 1.217405e-02	 1.771067e-01	 1.912496e-03	 5.885097e-03	-9.375865e-04	-3.874286e-04	 6.134410e-04	 5.352832e-01	 4.059354e-01	 2.967972e-01	 2.419774e-01	 2.070173e-01	 1.039948e-01	
 8.840461e-02	 9.970304e-05	 7.951965e-06	-5.726014e-03	 8.599848e-02	 1.019051e-01	 7.443400e-02	 8.008240e-02	 5.441110e-02	-2.214704e-02	-6.042343e-03	 9.327939e-03	 3.936771e-02	-1.621077e-02	-1.699479e-02	-3.063865e-02	-3.023307e-02	-5.156485e-03	-1.224844e-01	-1.535124e-01	-2.288380e-01	-2.589758e-01	-3.564650e-01	-3.062261e-01	-2.715206e-01	 1.536652e-01	 1.905027e-01	 1.647144e-01	 1.842426e-01	 1.244040e-01	-4.026674e-03	 1.359660e-01	 3.528553e-03	 4.377473e-03	-6.467060e-04	-2.706564e-04	 4.428050e-04	 4.215062e-01	 3.251972e-01	 2.419774e-01	 1.993524e-01	 1.718307e-01	 8.886003e-02	
 7.814483e-02	 7.936739e-05	 7.571539e-06	-9.358846e-03	 7.449441e-02	 8.934007e-02	 6.491144e-02	 7.068555e-02	 4.940745e-02	-1.824009e-02	-4.904026e-03	 8.174771e-03	 3.604307e-02	-1.466294e-02	-1.329824e-02	-2.711337e-02	-2.770103e-02	-3.563863e-03	-1.046769e-01	-1.314557e-01	-1.992390e-01	-2.245527e-01	-3.096604e-01	-2.654102e-01	-2.350011e-01	 1.291170e-01	 1.613422e-01	 1.312726e-01	 1.507801e-01	 1.013251e-01	-1.207790e-02	 1.111549e-01	 4.236571e-03	 3.488352e-03	-4.723692e-04	-2.003826e-04	 3.387295e-04	 3.513990e-01	 2.746536e-01	 2.070173e-01	 1.718307e-01	 1.488928e-01	 7.854732e-02	
 4.442499e-02	-2.130976e-05	 5.720004e-06	-1.346371e-02	 3.940764e-02	 4.934561e-02	 3.516611e-02	 3.994878e-02	 3.042976e-02	-8.033211e-03	-2.180970e-03	 4.493123e-03	 2.324425e-02	-8.799032e-03	-3.868489e-03	-1.565064e-02	-1.803826e-02	 3.241016e-04	-5.234670e-02	-6.629529e-02	-1.069006e-01	-1.190147e-01	-1.652993e-01	-1.402622e-01	-1.233565e-01	 6.036483e-02	 7.806260e-02	 4.731567e-02	 6.215474e-02	 4.063697e-02	-2.321984e-02	 4.644272e-02	 4.583161e-03	 1.224886e-03	 3.925744e-04	 1.473137e-04	-1.771091e-04	 1.583534e-01	 1.309322e-01	 1.039948e-01	 8.886003e-02	 7.854732e-02	 4.465318e-02	
