#           sigma8,          omega_m,          omega_b,              n_s,  alphastar_icept,   betastar_icept, logepsilonstar_slope, logepsilonstar_icept,      logMc_slope,      logMc_icept,        sigma_MUV,                M,                h,          Omega_m,      sigma0p5_cb,        sigma1_cb,        sigma2_cb,        sigma3_cb,        sigma4_cb,        sigma8_cb
 2.607983e-02	-2.362214e-05	-6.427602e-08	-1.299309e-02	 2.474714e-02	 4.659365e-02	-1.520235e-01	-4.942070e-02	 4.338654e-02	 3.794425e-02	 1.434906e-02	 2.287792e-04	 8.704904e-05	-1.247543e-04	 6.054428e-02	 5.720373e-02	 5.045612e-02	 4.540058e-02	 4.148801e-02	 2.619762e-02	
-2.362214e-05	 1.866236e-05	 2.711025e-07	-1.302269e-05	-2.559237e-06	 5.607517e-05	-1.136532e-06	-6.528977e-05	 4.780438e-05	 3.353664e-05	 9.321170e-06	-1.628676e-04	-6.514377e-05	 9.636007e-05	 3.013591e-04	 2.201583e-04	 1.500169e-04	 1.146332e-04	 9.224317e-05	-2.407065e-05	
-6.427602e-08	 2.711025e-07	 1.310248e-07	 8.682257e-08	-6.697655e-07	 2.136877e-06	 5.038706e-06	 3.432835e-07	-7.112523e-07	-8.873091e-07	-6.642879e-07	 2.070429e-06	 6.555724e-07	 1.538457e-08	-2.153995e-06	-1.673926e-06	-1.292847e-06	-1.104498e-06	-9.830158e-07	-7.520223e-08	
-1.299309e-02	-1.302269e-05	 8.682257e-08	 2.281846e-02	-1.690913e-02	-1.909722e-02	 2.794097e-02	-2.079351e-03	 4.404299e-02	 5.752429e-03	-2.375373e-03	 1.302581e-04	 4.934181e-05	-6.965051e-05	 4.300327e-02	 1.583846e-02	-1.317606e-03	-7.470724e-03	-1.037069e-02	-1.305114e-02	
 2.474714e-02	-2.559237e-06	-6.697655e-07	-1.690913e-02	 3.055272e-02	 7.690832e-02	-1.514959e-01	-4.405626e-02	 8.491095e-03	 3.581910e-02	 2.293998e-02	 5.621249e-06	 2.625282e-06	-5.342391e-06	 4.030043e-02	 4.396709e-02	 4.239766e-02	 3.963023e-02	 3.704722e-02	 2.486044e-02	
 4.659365e-02	 5.607517e-05	 2.136877e-06	-1.909722e-02	 7.690832e-02	 6.519314e-01	-5.642333e-01	-1.583281e-01	-2.122910e-01	 8.168743e-02	 1.866749e-01	-4.407683e-04	-1.724697e-04	 2.776420e-04	 1.435009e-01	 1.239909e-01	 1.021624e-01	 8.894099e-02	 7.958278e-02	 4.680572e-02	
-1.520235e-01	-1.136532e-06	 5.038706e-06	 2.794097e-02	-1.514959e-01	-5.642333e-01	 1.287418e+00	 4.187900e-01	-1.808308e-01	-2.854636e-01	-2.077227e-01	 9.791764e-05	 6.286839e-05	-5.544566e-05	-5.874468e-01	-4.766275e-01	-3.718645e-01	-3.145679e-01	-2.761275e-01	-1.527168e-01	
-4.942070e-02	-6.528977e-05	 3.432835e-07	-2.079351e-03	-4.405626e-02	-1.583281e-01	 4.187900e-01	 1.536449e-01	-1.525922e-01	-1.119472e-01	-6.393853e-02	 5.728190e-04	 2.400427e-04	-3.531780e-04	-2.411855e-01	-1.855823e-01	-1.375443e-01	-1.129834e-01	-9.715566e-02	-4.964561e-02	
 4.338654e-02	 4.780438e-05	-7.112523e-07	 4.404299e-02	 8.491095e-03	-2.122910e-01	-1.808308e-01	-1.525922e-01	 7.526140e-01	 1.943455e-01	-6.052851e-02	-3.675561e-04	-1.682228e-04	 2.851142e-04	 3.807611e-01	 2.659071e-01	 1.764376e-01	 1.347750e-01	 1.095976e-01	 4.358374e-02	
 3.794425e-02	 3.353664e-05	-8.873091e-07	 5.752429e-03	 3.581910e-02	 8.168743e-02	-2.854636e-01	-1.119472e-01	 1.943455e-01	 1.129874e-01	 2.382490e-02	-3.032068e-04	-1.295617e-04	 1.922573e-04	 2.003557e-01	 1.517253e-01	 1.105799e-01	 8.990943e-02	 7.673969e-02	 3.811706e-02	
 1.434906e-02	 9.321170e-06	-6.642879e-07	-2.375373e-03	 2.293998e-02	 1.866749e-01	-2.077227e-01	-6.393853e-02	-6.052851e-02	 2.382490e-02	 9.019440e-02	-1.216565e-04	-4.168625e-05	 5.588608e-05	 6.041090e-02	 4.794637e-02	 3.666936e-02	 3.068707e-02	 2.674197e-02	 1.441440e-02	
 2.287792e-04	-1.628676e-04	 2.070429e-06	 1.302581e-04	 5.621249e-06	-4.407683e-04	 9.791764e-05	 5.728190e-04	-3.675561e-04	-3.032068e-04	-1.216565e-04	 1.595002e-03	 6.250484e-04	-8.884179e-04	-2.766911e-03	-2.026208e-03	-1.385647e-03	-1.062019e-03	-8.569635e-04	 2.325912e-04	
 8.704904e-05	-6.514377e-05	 6.555724e-07	 4.934181e-05	 2.625282e-06	-1.724697e-04	 6.286839e-05	 2.400427e-04	-1.682228e-04	-1.295617e-04	-4.168625e-05	 6.250484e-04	 2.478805e-04	-3.533898e-04	-1.126677e-03	-8.245079e-04	-5.637429e-04	-4.321871e-04	-3.488938e-04	 8.856870e-05	
-1.247543e-04	 9.636007e-05	 1.538457e-08	-6.965051e-05	-5.342391e-06	 2.776420e-04	-5.544566e-05	-3.531780e-04	 2.851142e-04	 1.922573e-04	 5.588608e-05	-8.884179e-04	-3.533898e-04	 5.132888e-04	 1.631659e-03	 1.192756e-03	 8.141798e-04	 6.233159e-04	 5.025436e-04	-1.270161e-04	
 6.054428e-02	 3.013591e-04	-2.153995e-06	 4.300327e-02	 4.030043e-02	 1.435009e-01	-5.874468e-01	-2.411855e-01	 3.807611e-01	 2.003557e-01	 6.041090e-02	-2.766911e-03	-1.126677e-03	 1.631659e-03	 4.932934e-01	 3.480581e-01	 2.341282e-01	 1.806577e-01	 1.481423e-01	 6.081902e-02	
 5.720373e-02	 2.201583e-04	-1.673926e-06	 1.583846e-02	 4.396709e-02	 1.239909e-01	-4.766275e-01	-1.855823e-01	 2.659071e-01	 1.517253e-01	 4.794637e-02	-2.026208e-03	-8.245079e-04	 1.192756e-03	 3.480581e-01	 2.571078e-01	 1.824247e-01	 1.458573e-01	 1.229511e-01	 5.746226e-02	
 5.045612e-02	 1.500169e-04	-1.292847e-06	-1.317606e-03	 4.239766e-02	 1.021624e-01	-3.718645e-01	-1.375443e-01	 1.764376e-01	 1.105799e-01	 3.666936e-02	-1.385647e-03	-5.637429e-04	 8.141798e-04	 2.341282e-01	 1.824247e-01	 1.368947e-01	 1.132632e-01	 9.789250e-02	 5.068341e-02	
 4.540058e-02	 1.146332e-04	-1.104498e-06	-7.470724e-03	 3.963023e-02	 8.894099e-02	-3.145679e-01	-1.129834e-01	 1.347750e-01	 8.990943e-02	 3.068707e-02	-1.062019e-03	-4.321871e-04	 6.233159e-04	 1.806577e-01	 1.458573e-01	 1.132632e-01	 9.555309e-02	 8.371621e-02	 4.560478e-02	
 4.148801e-02	 9.224317e-05	-9.830158e-07	-1.037069e-02	 3.704722e-02	 7.958278e-02	-2.761275e-01	-9.715566e-02	 1.095976e-01	 7.673969e-02	 2.674197e-02	-8.569635e-04	-3.488938e-04	 5.025436e-04	 1.481423e-01	 1.229511e-01	 9.789250e-02	 8.371621e-02	 7.402643e-02	 4.167442e-02	
 2.619762e-02	-2.407065e-05	-7.520223e-08	-1.305114e-02	 2.486044e-02	 4.680572e-02	-1.527168e-01	-4.964561e-02	 4.358374e-02	 3.811706e-02	 1.441440e-02	 2.325912e-04	 8.856870e-05	-1.270161e-04	 6.081902e-02	 5.746226e-02	 5.068341e-02	 4.560478e-02	 4.167442e-02	 2.631602e-02	
